-0.2304	-0.975	0
-0.7615	0.6486	0
-0.981	-0.1301	0
0.9027	-0.4574	0
0.1878	0.991	0
-0.4176	-0.8969	0
-0.6998	0.7087	0
-0.8585	0.5107	0
-0.8391	0.5442	0
0.4805	0.8767	0
-0.0882	-0.9966	0
-0.4306	-0.8988	0
0.1909	-0.9716	0
-0.4354	-0.8883	0
-0.0583	0.9997	0
0.9886	0.1172	0
-0.597	-0.7992	0
0.9788	0.2394	0
0.9873	-0.1638	0
-0.1832	0.9783	0
0.1372	0.9933	0
0.1861	0.9877	0
0.3192	-0.9506	0
-0.226	-0.967	0
-0.8275	-0.5604	0
0.9829	0.151	0
0.2887	0.9657	0
0.3015	0.9529	0
0.9786	-0.2069	0
-0.9266	0.3949	0
-0.0001	-0.9956	0
0.4362	-0.9046	0
-1.0009	-0.1187	0
0.3757	0.9197	0
-0.5653	-0.8311	0
0.9782	-0.2367	0
0.9123	0.4095	0
-0.9943	-0.1121	0
-0.5842	-0.808	0
-0.9575	-0.2828	0
-0.29	0.9623	0
0.9677	-0.2159	0
-0.7945	-0.6107	0
-0.993	-0.1628	0
0.5611	0.8198	0
0.8221	-0.5639	0
0.5358	0.8503	0
-0.0825	-1.0047	0
-0.2057	-0.9837	0
-0.9102	0.4171	0
0.9807	-0.2174	0
0.91	-0.4161	0
-0.0753	-0.9898	0
-0.6253	0.7664	0
-0.3838	-0.9194	0
1.0052	0.0304	0
0.8843	0.4816	0
0.601	-0.8031	0
-0.7636	0.6418	0
0.2102	-0.9718	0
-0.8832	-0.4765	0
-0.1327	0.9896	0
0.5182	-0.8558	0
0.8884	-0.4496	0
0.5378	0.8352	0
0.551	0.8365	0
-0.8624	0.4987	0
-0.9639	0.286	0
-0.2213	0.9746	0
0.9701	-0.238	0
-0.9056	-0.436	0
0.0127	-1.0029	0
-0.1895	-0.9813	0
0.9777	0.1937	0
1.0006	0.0042	0
0.557	-0.836	0
-0.4718	-0.88	0
-0.9028	0.4072	0
0.9883	-0.103	0
-0.5242	-0.8484	0
-1.0063	0.0635	0
0.9903	0.2038	0
0.3191	0.9436	0
0.9102	0.4193	0
-0.741	0.6577	0
0.9711	0.2183	0
-0.4788	0.8872	0
-0.8017	0.5829	0
0.6264	0.7768	0
-0.9868	-0.1551	0
0.0671	-1.0025	0
-0.7901	0.6145	0
0.7451	-0.6763	0
0.6388	-0.761	0
0.2869	-0.9611	0
-0.9958	0.0391	0
0.1996	-0.9899	0
-0.7754	0.6286	0
0.4446	0.8862	0
0.2253	-0.9644	0
-0.1583	0.9887	0
-1.0009	0.0763	0
-0.3104	-0.9562	0
0.6799	-0.7416	0
0.4843	-0.8613	0
-0.9944	0.0469	0
1.0	0.0893	0
-0.9572	-0.2754	0
0.9062	-0.4171	0
-0.9533	-0.2831	0
-0.3252	0.9488	0
-0.6312	-0.759	0
0.8667	0.4899	0
-0.4045	-0.9126	0
0.1887	0.9722	0
-0.5846	-0.8088	0
0.9417	-0.363	0
-0.6735	0.7293	0
-0.9523	-0.3325	0
-0.6503	0.7593	0
0.5557	0.8442	0
0.3812	0.9252	0
-0.9213	-0.384	0
-0.8934	0.461	0
-0.4978	-0.8669	0
-0.9709	0.2431	0
0.9112	-0.4142	0
-0.4048	-0.9178	0
0.5148	-0.8548	0
-0.9873	-0.1989	0
-0.5294	0.8495	0
-0.9768	-0.184	0
0.5384	0.8492	0
0.9852	-0.1854	0
0.9021	-0.4428	0
-0.0995	-0.9897	0
0.9574	0.2692	0
0.6173	-0.7884	0
-0.987	0.1777	0
-0.9899	-0.1009	0
0.4225	0.9116	0
-0.5699	0.8288	0
0.9248	-0.4107	0
0.8904	-0.458	0
0.4923	0.864	0
-0.9562	-0.3194	0
-0.9705	0.2719	0
0.9978	-0.0827	0
-0.6401	-0.7747	0
-0.9356	0.3463	0
-0.9929	-0.0442	0
0.3058	0.9501	0
-0.9638	0.2344	0
0.6392	-0.7683	0
-0.2152	0.9715	0
0.4232	-0.9065	0
-0.9958	0.1068	0
0.9635	0.2687	0
-0.3803	0.9178	0
0.4029	-0.921	0
0.9794	0.1952	0
0.1832	-0.9892	0
0.3853	-0.9286	0
0.5246	0.8493	0
0.3494	0.9398	0
0.4963	0.8838	0
0.7027	-0.7166	0
-0.9083	-0.4062	0
0.8019	0.5908	0
-0.444	-0.8928	0
0.5704	-0.8096	0
-0.9383	0.3668	0
-0.6953	0.7282	0
0.1109	-0.9896	0
0.1241	-1.0014	0
0.9307	-0.3536	0
0.2587	-0.9719	0
-0.9948	-0.0001	0
1.0072	0.0242	0
-0.2728	0.9536	0
-1.0045	-0.0152	0
-0.7544	0.646	0
0.4762	0.8914	0
0.4709	-0.8765	0
0.9631	0.2546	0
0.3286	-0.9435	0
0.7811	0.6326	0
-0.6361	-0.7695	0
0.963	0.2816	0
-0.8778	-0.4898	0
0.6573	0.7656	0
0.3756	0.9132	0
-0.1217	0.9943	0
0.414	-0.9002	0
-0.9052	0.4388	0
0.9728	0.2315	0
-0.9795	0.1753	0
0.9346	0.3765	0
0.977	0.2246	0
-0.1055	0.9985	0
-0.7059	0.7161	0
0.7635	0.6407	0
0.437	-0.9013	0
1.0087	-0.0008	0
-0.5067	-0.8605	0
0.9983	-0.1049	0
-0.2635	-0.9714	0
0.2336	-0.9607	0
0.9903	-0.0407	0
0.0405	0.9982	0
-0.13	-0.9864	0
0.056	-0.993	0
-0.0177	0.9975	0
0.5335	0.8468	0
-0.7908	0.6149	0
-0.6842	-0.7235	0
-0.8953	0.4677	0
0.8664	-0.4932	0
0.6606	0.7598	0
0.0254	1.0088	0
0.142	-0.9944	0
0.9167	-0.3932	0
-0.0336	-1.0055	0
-0.9061	-0.4175	0
0.7289	-0.6921	0
-0.7254	0.6887	0
-0.5014	0.8665	0
-0.7848	0.6371	0
-0.1945	0.9823	0
-0.3647	0.9362	0
-0.1917	0.976	0
-0.0965	-0.9936	0
0.885	-0.4611	0
-0.0178	0.9944	0
-0.5975	-0.8103	0
0.7322	0.6733	0
-0.7835	0.6226	0
0.7595	0.6522	0
0.8535	0.5378	0
0.8186	-0.5776	0
-0.6172	-0.7907	0
-0.6867	0.7343	0
0.4596	0.8876	0
-0.0159	-0.9979	0
0.8682	0.4783	0
-0.2725	0.9619	0
0.2641	0.965	0
-0.0378	1.0011	0
0.4005	-0.9261	0
-0.9112	0.4415	0
-0.6634	-0.7492	0
0.9949	0.0026	0
-0.9957	0.0807	0
0.6273	0.7809	0
0.9888	-0.0799	0
-0.6027	-0.794	0
0.2881	-0.9539	0
-0.6717	0.7354	0
0.9073	0.4207	0
-0.4823	-0.8695	0
-0.1316	-0.9956	0
0.4489	0.901	0
0.1182	-0.9937	0
0.819	0.5758	0
-0.4421	-0.9051	0
-0.945	0.3324	0
0.7038	0.7106	0
-0.6488	0.7594	0
0.3964	-0.9256	0
-0.4394	0.9082	0
0.2446	-0.971	0
0.8423	-0.5262	0
-0.9967	-0.0054	0
-0.0035	0.9962	0
-0.2871	0.9533	0
-0.1189	-0.9955	0
-0.9743	0.2115	0
-0.4155	0.8994	0
-1.0016	-0.0534	0
0.9441	-0.3403	0
0.9687	0.2416	0
-0.9914	-0.1943	0
-0.4079	-0.9098	0
0.6361	-0.777	0
0.6997	0.714	0
-1.0016	-0.0525	0
0.1912	0.9792	0
0.09	-0.9894	0
-0.9986	-0.037	0
0.7676	0.6545	0
-0.5578	0.8374	0
0.4026	-0.9049	0
0.9599	0.2792	0
0.8805	0.4573	0
-0.7484	0.6626	0
-0.0398	0.998	0
0.943	-0.3526	0
-0.6458	-0.7568	0
0.9906	0.13	0
0.8311	-0.567	0
0.2959	-0.9514	0
0.4538	0.8825	0
0.955	-0.3219	0
-0.4512	-0.8853	0
0.6033	0.805	0
-0.9317	0.3771	0
0.7425	0.6749	0
0.9022	-0.4224	0
0.0714	-1.0031	0
-0.9751	0.2319	0
0.0963	-0.986	0
0.8409	0.5522	0
0.1793	0.9871	0
1.0088	0.0361	0
0.8917	-0.4371	0
0.2917	-0.9607	0
0.9423	-0.3075	0
-0.9719	-0.2622	0
0.2565	-0.9756	0
-0.3505	-0.949	0
-0.8398	-0.5302	0
0.291	-0.9557	0
-0.9208	0.4119	0
0.7929	0.6094	0
-0.9596	0.3072	0
0.623	0.7717	0
-0.855	0.5187	0
-0.9258	-0.3881	0
-0.8426	-0.5391	0
0.6551	0.7656	0
0.0596	0.9915	0
0.4929	-0.8723	0
-0.5514	-0.8341	0
0.4719	-0.8727	0
0.7441	-0.6781	0
-0.8606	-0.5168	0
0.3498	-0.946	0
-0.6199	0.7813	0
-0.9937	-0.1583	0
-0.6922	-0.7162	0
0.8499	-0.5056	0
-0.7205	-0.6855	0
0.6529	0.7502	0
-0.9952	0.0502	0
-0.1386	0.9997	0
0.8454	0.5148	0
0.163	-0.9791	0
0.2097	0.9712	0
-0.1264	0.9879	0
-0.0262	0.991	0
0.0285	-0.9935	0
-0.8861	-0.4707	0
-0.5891	0.8042	0
0.9628	0.2654	0
0.884	-0.46	0
0.9628	0.2838	0
0.24	0.9714	0
-0.8921	-0.4696	0
0.739	0.6718	0
-0.9946	-0.1121	0
-0.75	-0.658	0
-0.269	-0.968	0
0.6432	-0.777	0
-0.8528	-0.5186	0
-0.9402	-0.3138	0
-0.0701	0.995	0
0.8911	0.4588	0
-0.3613	-0.9295	0
0.3082	-0.9462	0
0.9971	-0.1185	0
-0.7358	0.6781	0
-0.7503	-0.6454	0
-1.0027	-0.1227	0
-0.7141	-0.7155	0
0.7828	0.6166	0
-0.6088	0.7824	0
0.5843	-0.8124	0
-0.4471	0.8983	0
0.5916	0.8104	0
0.8635	0.5094	0
0.4616	0.8777	0
0.9916	-0.0023	0
-0.5077	-0.8704	0
0.6002	0.8006	0
-0.1703	-0.9761	0
-0.3979	-0.9145	0
0.155	0.9799	0
0.9242	0.3754	0
0.0287	-1.0005	0
0.0365	-1.0075	0
0.45	-0.8899	0
0.9804	0.2256	0
0.8136	0.579	0
-0.7759	0.628	0
-0.9687	0.2206	0
0.0039	-1.0097	0
-0.9142	-0.3929	0
0.6197	0.7766	0
0.818	0.576	0
-0.3077	0.9564	0
-1.0067	0.0423	0
-0.3732	0.9296	0
-0.4628	-0.8909	0
0.5195	-0.854	0
0.991	0.1114	0
-0.7729	-0.6334	0
-0.8895	0.4618	0
-1.0023	-0.0734	0
0.9869	-0.0836	0
0.5103	0.8601	0
-0.7623	0.6512	0
0.8493	0.509	0
-0.6792	-0.732	0
0.8691	0.4809	0
-0.5337	-0.8329	0
-0.3594	-0.9238	0
-0.4421	0.9	0
0.4142	0.8993	0
0.9258	-0.365	0
-0.9949	0.0069	0
0.6811	0.737	0
-0.0569	0.9973	0
-0.0144	-0.9998	0
0.0592	0.9884	0
-0.3638	-0.9349	0
0.7768	-0.6192	0
-0.7644	0.6309	0
-0.9903	0.0558	0
-0.6468	-0.7566	0
0.2267	-0.9653	0
0.6816	0.722	0
-0.7743	-0.6401	0
0.7103	0.7009	0
0.9978	0.0738	0
0.9137	-0.4041	0
-0.2868	0.9479	0
0.8538	-0.5331	0
0.0625	-0.9986	0
0.9322	-0.3434	0
-0.8987	0.4262	0
0.9701	-0.2474	0
-0.4213	0.905	0
0.1401	-0.9855	0
0.8295	-0.5488	0
0.9996	0.0597	0
0.9265	0.3563	0
-0.0128	-1.0	0
-0.5717	-0.8287	0
-0.657	-0.7532	0
-0.7466	0.664	0
0.1225	0.9996	0
-0.3331	-0.9472	0
-0.6737	0.7431	0
-0.8112	-0.5975	0
0.7784	0.6314	0
0.6338	0.7857	0
-0.7289	-0.6855	0
0.7606	-0.6581	0
0.8374	0.5508	0
-0.8783	-0.4693	0
0.8049	0.5873	0
0.0256	0.9967	0
-0.916	0.3939	0
0.9937	-0.1186	0
0.6507	-0.7582	0
-0.9881	-0.1926	0
-0.5641	0.8188	0
0.9904	0.0123	0
0.4836	0.8786	0
-0.1324	0.9954	0
0.6278	0.7607	0
0.3843	0.9198	0
-0.9913	0.0787	0
0.1253	-0.9929	0
0.9086	0.4137	0
0.4101	-0.9135	0
0.9426	0.3315	0
-0.3318	-0.9355	0
-0.7194	0.7102	0
0.7791	0.6372	0
-0.6685	-0.7386	0
0.7576	-0.6716	0
-0.1126	0.9979	0
-0.8973	0.4265	0
0.053	0.998	0
0.913	-0.385	0
-0.4277	-0.9005	0
-0.1127	-0.9976	0
-0.8406	0.5518	0
0.0244	-1.0065	0
-0.4023	-0.91	0
0.9887	0.0944	0
-0.9344	-0.337	0
-0.8212	0.5875	0
0.9911	0.0491	0
-0.2606	0.9616	0
-0.8751	0.4865	0
0.1243	0.9872	0
-0.8626	-0.5113	0
-0.99	0.1566	0
-0.6744	0.7305	0
0.3678	0.9268	0
0.9904	-0.1755	0
-1.0014	0.0937	0
-0.9792	0.2334	0
0.9595	0.2918	0
-0.9726	0.248	0
0.6177	-0.7838	0
-0.1955	-0.988	0
-0.9787	0.2018	0
-0.7872	-0.6135	0
0.2792	0.9572	0
0.5118	-0.8666	0
0.542	0.8451	0
-0.8247	0.558	0
-0.2478	0.9602	0
0.6472	0.7781	0
-0.9307	0.3767	0
-0.9436	-0.2952	0
-0.5535	-0.8342	0
-0.9996	-0.0994	0
-0.2825	0.9525	0
0.7959	-0.5934	0
-0.1138	-0.9885	0
-0.996	0.0045	0
0.7952	-0.5936	0
-0.7331	0.6876	0
-0.1184	-0.9852	0
0.9602	0.2445	0
-1.0054	-0.0493	0
-0.1149	-1.001	0
0.9897	0.1482	0
-0.7683	0.6347	0
0.394	-0.9178	0
0.7659	-0.6484	0
0.0614	-0.9985	0
0.9526	-0.3287	0
0.3617	0.9248	0
-1.0018	-0.0612	0
-0.6812	0.7449	0
0.978	-0.2283	0
-0.9952	-0.0558	0
-0.5991	-0.7971	0
0.9508	-0.2848	0
-0.8416	0.5403	0
0.9391	0.3444	0
0.0005	1.0042	0
0.9851	0.1672	0
-0.7072	0.7109	0
-0.0293	-1.0005	0
0.3621	-0.9226	0
0.9962	0.1005	0
-0.5679	0.8191	0
0.6469	0.7531	0
0.7017	-0.7195	0
-0.9934	0.1675	0
0.9883	0.1919	0
-0.9928	0.1501	0
-0.0848	1.001	0
0.8434	-0.5431	0
-0.8219	-0.5639	0
-0.5308	-0.8544	0
0.8689	0.4911	0
-0.9814	-0.2267	0
0.8887	0.4456	0
0.9934	0.0153	0
-0.4299	-0.9004	0
-0.7291	0.6891	0
-0.0896	-0.991	0
0.9179	-0.386	0
0.9534	0.3224	0
0.5473	0.8269	0
-0.0317	0.9911	0
0.3109	-0.9576	0
-0.114	0.9985	0
-0.9286	0.3547	0
-0.9584	0.2632	0
0.9877	-0.1351	0
0.1398	-0.9838	0
0.8954	-0.4529	0
0.8287	-0.5681	0
1.0063	-0.0779	0
0.4333	-0.8971	0
-0.4326	-0.9031	0
0.642	-0.7673	0
-0.9906	-0.1018	0
-1.0	0.0622	0
0.9647	-0.2575	0
-0.6623	-0.7566	0
0.7361	0.686	0
-0.9897	-0.0485	0
-0.4654	-0.8832	0
0.3274	-0.9475	0
0.6724	-0.732	0
-0.0072	-1.0033	0
0.0497	0.9927	0
0.933	0.3665	0
-1.0063	0.0045	0
0.6899	0.7327	0
0.866	-0.5081	0
0.9989	-0.0536	0
-0.6514	-0.7534	0
-0.9538	0.304	0
-0.4682	0.8835	0
1.0042	-0.0821	0
0.1764	-0.9867	0
0.4746	-0.874	0
0.5678	-0.8188	0
0.856	0.4964	0
0.5984	0.7952	0
0.3114	-0.9421	0
0.6356	0.7847	0
0.7058	0.7127	0
0.5679	0.8234	0
0.9698	0.2637	0
0.9327	-0.3608	0
-0.8028	-0.586	0
-0.9077	0.396	0
0.9826	0.1764	0
0.5416	-0.8352	0
0.2942	-0.9615	0
0.8558	0.5002	0
0.9514	-0.3385	0
0.8755	-0.4822	0
-0.9796	-0.1606	0
-0.9254	-0.3691	0
0.5409	-0.8335	0
0.2471	-0.9709	0
0.1065	1.0001	0
0.1668	-0.9888	0
0.5142	-0.8631	0
-0.0727	1.0009	0
0.9005	0.4242	0
0.3866	0.921	0
-0.1942	-0.9803	0
0.8534	-0.5124	0
0.4445	-0.9043	0
0.0749	1.0032	0
0.2204	-0.9699	0
0.9371	0.3481	0
-0.6512	0.7543	0
0.3453	-0.9433	0
0.9926	0.1432	0
-0.9771	-0.2133	0
-0.0243	-0.9985	0
0.9384	0.3131	0
0.6568	-0.7485	0
-0.2012	0.9765	0
0.6012	-0.8028	0
-0.8389	-0.54	0
-0.9945	0.1159	0
1.005	0.0635	0
0.8207	-0.5753	0
-0.9486	-0.2882	0
-0.1766	-0.9762	0
-0.8729	-0.5021	0
-1.0044	0.0131	0
-0.985	0.1492	0
-0.8441	0.5451	0
-0.2036	-0.9875	0
0.7957	0.5938	0
0.9183	-0.3981	0
-0.4815	-0.8697	0
0.97	-0.243	0
-0.9785	0.1441	0
0.608	-0.7962	0
-0.2252	0.9743	0
0.4308	0.9067	0
-0.5227	-0.8534	0
0.283	0.9531	0
-0.9757	-0.1725	0
-0.2146	-0.9765	0
0.3575	-0.934	0
-0.8345	-0.5413	0
0.9928	-0.0778	0
-0.9895	-0.1325	0
0.7339	-0.6813	0
0.6114	-0.795	0
-0.9869	-0.1801	0
0.1452	-0.9881	0
-0.9985	0.0396	0
0.1201	-0.9988	0
-0.4979	0.8697	0
0.6533	0.767	0
0.4977	0.8625	0
0.9972	-0.111	0
0.7544	0.6682	0
0.8428	-0.5217	0
-0.746	-0.6674	0
-0.7447	0.6615	0
0.8076	0.5943	0
-0.5233	0.8501	0
-0.7144	-0.6999	0
0.9938	-0.0164	0
-0.7655	0.6278	0
-0.5951	0.8071	0
0.6665	-0.7548	0
-0.5899	-0.8149	0
-0.6429	0.7716	0
1.001	0.0855	0
0.5794	-0.8202	0
0.9442	-0.3359	0
-0.6714	-0.7334	0
-0.0828	0.9929	0
0.1252	-0.9878	0
0.2704	0.9566	0
0.9752	-0.2445	0
0.9851	0.1264	0
-0.3655	-0.9347	0
0.5674	0.8337	0
-0.5885	0.8106	0
-0.497	-0.8642	0
0.6911	0.7351	0
0.9846	0.2292	0
-0.9765	-0.2361	0
0.077	-0.992	0
-0.2783	0.9541	0
-0.4967	0.8708	0
1.0051	-0.0108	0
-0.0762	-1.0028	0
0.8914	0.4757	0
0.2409	-0.9633	0
0.6259	0.7856	0
-0.9243	0.3935	0
-0.2562	-0.9582	0
-0.2745	-0.9586	0
0.8436	-0.5506	0
-0.2931	0.965	0
-0.7673	0.653	0
0.2817	0.9531	0
-0.9873	-0.1813	0
-0.807	0.5768	0
0.8299	-0.5553	0
-0.0288	1.0016	0
-0.3361	0.9507	0
-0.7227	0.6886	0
-0.7818	0.6321	0
0.2854	0.9549	0
0.9112	-0.4068	0
0.8833	0.4741	0
-0.9384	0.3404	0
0.1761	-0.985	0
-0.7642	0.6341	0
-0.7653	0.6331	0
-0.0638	-0.9972	0
0.1544	-0.9887	0
-0.1944	0.9825	0
-0.9145	-0.3887	0
-0.4209	0.9037	0
-0.52	0.8582	0
0.9969	0.0996	0
-0.1066	0.9963	0
0.9937	0.1062	0
-0.4025	-0.9169	0
-0.9405	0.3433	0
-0.1611	0.9958	0
-0.9422	-0.331	0
0.9963	0.045	0
0.9868	-0.0961	0
0.8984	0.463	0
0.5617	-0.8258	0
-0.9813	-0.1984	0
-0.6291	-0.766	0
0.1898	-0.9881	0
0.0597	1.0062	0
-0.7908	-0.5949	0
0.1177	0.9889	0
-0.7463	0.6627	0
-0.6843	-0.7162	0
0.1261	1.0013	0
0.2718	-0.9695	0
0.8661	0.492	0
-0.285	-0.9534	0
-0.1832	0.9845	0
-0.6069	0.8011	0
0.9871	0.1158	0
-0.8271	-0.55	0
0.1944	-0.9876	0
-0.7272	0.6764	0
-0.2022	0.9765	0
-0.9661	-0.2342	0
0.9078	0.3949	0
0.8839	0.4734	0
0.5252	0.8437	0
-0.3968	0.9098	0
0.0712	0.9972	0
0.3133	-0.9461	0
0.6833	0.7232	0
-0.4491	-0.8864	0
-0.4736	-0.8859	0
0.9486	0.2867	0
0.1455	0.9803	0
0.8735	0.5122	0
-0.5592	-0.8344	0
-0.9967	-0.1082	0
-0.8842	0.4562	0
0.018	-0.9962	0
-0.9811	-0.2151	0
-0.6539	-0.7544	0
0.9829	-0.1513	0
0.9232	-0.3633	0
0.9523	-0.2805	0
-0.8314	-0.5607	0
-0.8384	-0.5454	0
-0.8542	0.5339	0
-0.2404	-0.9639	0
-0.8837	-0.4808	0
0.9972	-0.1361	0
0.6934	0.7146	0
0.3635	0.924	0
0.9636	-0.2831	0
0.0997	0.9899	0
0.4908	-0.8694	0
-0.4697	-0.8881	0
-0.2824	0.9554	0
-0.847	0.5321	0
-0.5924	-0.7971	0
-0.4284	-0.9044	0
0.0673	-1.0078	0
-0.6377	0.7807	0
-0.9547	-0.2645	0
0.9989	-0.1473	0
-0.7928	-0.6101	0
0.5269	-0.8534	0
-0.6533	-0.7723	0
-0.947	0.3166	0
0.4556	-0.903	0
-0.43	-0.8906	0
-0.9723	0.2039	0
0.9393	0.36	0
0.2535	-0.9704	0
-0.0527	-1.0013	0
0.9975	-0.1218	0
-0.5472	-0.833	0
0.6926	-0.7111	0
-0.7449	0.6524	0
-0.2517	-0.974	0
0.9608	0.31	0
-0.7282	0.6799	0
-0.6014	0.7952	0
-0.6202	0.7962	0
-0.9941	0.1766	0
0.1669	0.9913	0
-0.1978	0.9778	0
-0.2955	-0.9596	0
-0.469	-0.8836	0
0.9823	0.1639	0
-0.995	0.0059	0
0.9673	0.2356	0
-0.3097	-0.9557	0
0.4239	-0.901	0
-0.9566	-0.2859	0
-0.995	-0.1131	0
-0.8884	0.4573	0
0.6848	0.7272	0
-0.4401	-0.9053	0
-0.8347	0.5405	0
0.9986	-0.1075	0
-0.5263	-0.8474	0
-0.6131	0.7843	0
0.4925	-0.8774	0
-0.4359	-0.9045	0
-0.8252	0.5658	0
0.9242	0.4091	0
0.5639	-0.8136	0
1.0	0.0234	0
0.4265	0.8941	0
0.0975	-0.9979	0
0.772	-0.6374	0
-0.6197	-0.7859	0
0.0537	0.9898	0
-0.8624	0.5195	0
-0.7967	0.6046	0
0.941	0.3427	0
-0.8945	0.4587	0
0.7679	-0.646	0
-0.9434	-0.3309	0
-0.5398	0.8448	0
1.0079	-0.0557	0
0.5247	0.8605	0
0.1501	-0.9795	0
0.4014	-0.9243	0
-0.5156	0.8588	0
-0.7642	-0.6498	0
-0.9201	-0.3878	0
0.0621	-1.0041	0
0.339	-0.9347	0
0.9804	0.1892	0
-0.8634	-0.5139	0
0.8939	0.465	0
0.9905	0.1788	0
0.2905	0.9605	0
0.4264	-0.8908	0
0.8888	-0.4656	0
-1.0002	-0.0058	0
-0.8501	-0.5284	0
-0.1109	-0.99	0
0.0088	-1.0015	0
-0.879	-0.4805	0
0.235	0.9826	0
0.8152	-0.5687	0
0.0687	1.003	0
-0.8919	-0.4732	0
-0.4088	0.9211	0
0.7473	-0.6768	0
-0.3378	0.9331	0
-0.9463	-0.3191	0
-0.8633	0.5116	0
0.6516	-0.766	0
0.6981	-0.7112	0
0.3281	-0.9432	0
0.3062	-0.9589	0
0.7876	-0.5998	0
0.9808	-0.1348	0
-0.9564	-0.2661	0
-0.998	0.1098	0
-0.6013	-0.7908	0
0.9525	0.2785	0
0.0489	1.0062	0
0.7944	-0.6065	0
0.0334	-0.9973	0
-0.675	-0.7471	0
-0.4903	-0.877	0
0.6464	-0.7581	0
-0.9625	-0.2272	0
-0.6555	0.7487	0
-0.9336	0.3773	0
-0.5522	0.8359	0
-0.282	0.963	0
-0.8102	-0.579	0
-1.0052	0.0592	0
-0.8992	0.4337	0
0.8504	0.5218	0
0.3042	-0.9488	0
-0.3725	0.9192	0
0.1343	0.9897	0
-0.8863	-0.4741	0
0.1165	-0.987	0
0.3712	-0.9247	0
-0.7859	0.6276	0
-0.4624	-0.8817	0
-0.8761	-0.4766	0
-0.848	0.5278	0
0.2626	0.9699	0
-0.2367	0.9636	0
-0.9468	-0.3501	0
0.7108	-0.7068	0
-0.7229	0.6739	0
-0.7523	-0.6684	0
-0.893	-0.4507	0
-0.6954	-0.7248	0
0.3855	-0.9283	0
0.4882	0.8623	0
-0.8229	-0.558	0
0.6672	-0.7407	0
-0.854	0.5214	0
-0.5411	-0.8462	0
-0.7393	-0.6641	0
0.5371	0.8476	0
0.1641	0.9971	0
0.8195	0.5729	0
0.5381	-0.8476	0
-0.6525	-0.7594	0
0.9266	0.3725	0
0.9915	-0.1026	0
-0.0722	0.9977	0
-0.6692	-0.7408	0
-0.99	-0.0082	0
0.8643	-0.5177	0
0.3867	-0.9206	0
-0.902	0.4256	0
-1.008	0.0333	0
0.5551	0.8261	0
-0.9239	-0.4084	0
-0.4302	-0.9027	0
-0.6577	-0.7595	0
-0.9676	-0.223	0
-0.5181	-0.8447	0
0.4844	-0.8738	0
-0.0964	-1.005	0
0.9712	-0.2173	0
-0.3495	-0.9261	0
0.6991	0.7246	0
-0.6341	0.7711	0
0.9745	0.1774	0
0.998	0.0235	0
0.2283	-0.9673	0
0.5912	0.8112	0
0.9736	0.2016	0
-0.2065	0.987	0
0.952	-0.2893	0
-0.2527	-0.9675	0
1.0001	0.0171	0
-0.3431	-0.9449	0
-0.9979	-0.0319	0
0.9648	0.2447	0
-0.9934	-0.1319	0
0.7096	-0.6948	0
0.5055	-0.8669	0
-0.9465	0.2858	0
0.681	0.7376	0
0.2872	0.9472	0
-0.8937	0.4498	0
0.9498	-0.3149	0
0.0364	-1.002	0
0.7235	0.6959	0
-0.7838	0.6277	0
-0.3819	-0.9265	0
-0.1475	-0.9904	0
-0.1123	-0.9867	0
-0.0769	-1.006	0
0.8561	-0.5263	0
-0.0251	-0.9982	0
-0.6858	0.7306	0
-0.8264	0.5519	0
-0.9922	0.0616	0
0.1947	-0.9829	0
0.8231	0.5655	0
-0.1573	-0.9855	0
0.9948	0.153	0
-0.9697	0.2468	0
0.9212	-0.4055	0
0.901	-0.4247	0
-0.7219	-0.6837	0
0.9374	0.3502	0
-0.9911	0.0473	0
0.9968	-0.1197	0
-0.3684	0.929	0
-0.9686	-0.2817	0
0.4975	0.8678	0
0.9291	0.3724	0
0.9686	-0.2274	0
0.2933	-0.9558	0
0.0274	-0.9898	0
-0.6669	0.7544	0
0.5098	-0.8609	0
0.9682	-0.2619	0
0.894	-0.4428	0
-0.9249	-0.3736	0
-0.3554	-0.9329	0
0.3492	0.9408	0
0.6675	0.742	0
-0.915	0.4278	0
-0.4592	-0.8783	0
-0.9571	-0.2725	0
0.3725	0.9211	0
0.7627	0.6479	0
-0.1885	-0.9769	0
0.9537	-0.3071	0
0.832	0.5536	0
0.2832	0.9623	0
-0.1867	0.984	0
-0.4649	0.8797	0
-0.5906	-0.8123	0
0.916	-0.4045	0
0.522	0.8663	0
-0.4157	-0.9133	0
0.9784	0.1798	0
-0.58	0.8225	0
0.8089	-0.6007	0
-0.1849	0.9905	0
-0.3251	-0.9336	0
-0.2832	0.9565	0
-0.1982	0.9879	0
0.6173	0.802	0
0.6268	0.7873	0
0.9009	-0.4079	0
0.9962	-0.0409	0
-0.2619	0.9602	0
-0.7006	-0.721	0
-0.9394	0.3606	0
0.9927	0.1361	0
0.7387	0.6827	0
-0.8687	0.4842	0
0.6955	-0.7231	0
0.9009	0.4329	0
0.3225	-0.9439	0
0.128	0.9934	0
0.9739	-0.1999	0
-0.9956	0.0629	0
-0.1144	0.9828	0
-0.4893	-0.8632	0
-0.4086	0.9202	0
0.5802	0.8147	0
-0.8645	0.5225	0
0.9756	0.1688	0
-0.6502	-0.7473	0
0.4554	0.8804	0
0.8261	-0.544	0
-0.9719	0.2084	0
-0.6713	0.7569	0
0.8883	0.4626	0
0.7042	-0.7243	0
-0.3826	-0.9222	0
0.0097	0.9942	0
-0.9435	-0.3311	0
0.0421	1.009	0
-0.7373	0.6813	0
-0.1666	-0.9771	0
-0.3303	0.9433	0
0.6195	-0.7983	0
-0.0474	0.9967	0
0.0018	1.0049	0
0.999	-0.0547	0
0.3717	0.9337	0
-0.9569	-0.2798	0
-0.9348	-0.3558	0
0.7647	0.6443	0
-0.2916	0.9623	0
-0.1818	0.9898	0
-0.2191	0.9754	0
-0.9759	-0.2322	0
-0.9592	0.2586	0
0.701	0.7279	0
-0.6732	-0.7409	0
0.5091	0.8714	0
0.9988	0.049	0
-0.3285	-0.9509	0
0.9392	-0.3178	0
-0.7761	0.6327	0
-0.9914	-0.1629	0
-0.9685	0.2395	0
0.6478	0.7712	0
0.7119	0.718	0
-0.6795	0.7332	0
0.9923	0.1689	0
-0.6277	0.7834	0
-0.2001	-0.9705	0
0.9124	-0.4121	0
0.9995	0.1313	0
0.8795	0.4541	0
-0.4973	0.8732	0
-0.2959	0.9626	0
-0.6799	0.7244	0
-0.9791	0.144	0
-0.9432	-0.3067	0
-0.8379	0.5375	0
-0.4392	-0.8997	0
-0.2024	0.9714	0
0.1727	0.9889	0
0.9624	-0.2589	0
-0.1161	-0.991	0
-0.939	0.3455	0
0.5702	0.8177	0
-0.1448	-0.9804	0
-0.9881	-0.1052	0
0.8656	0.4902	0
-0.8686	0.502	0
0.7792	0.6293	0
-0.9127	-0.3964	0
-0.6993	0.7076	0
-0.2735	0.9557	0
0.6111	-0.8037	0
-0.2677	0.958	0
0.9963	0.0463	0
0.772	0.6237	0
-0.081	0.9984	0
0.1861	-0.9903	0
-0.8817	0.4713	0
-0.9071	-0.4005	0
-0.9702	-0.1998	0
0.6881	0.721	0
0.599	-0.7982	0
0.4689	-0.8812	0
-0.9702	-0.2552	0
-0.8662	-0.4802	0
0.8573	0.515	0
0.9371	-0.3829	0
0.2797	0.9557	0
0.1146	-0.9894	0
-1.0046	0.0182	0
-0.6793	-0.7368	0
-0.5147	0.8466	0
-0.8816	0.4531	0
0.5745	0.816	0
-1.0027	0.1176	0
0.1775	-0.9786	0
0.0402	0.9965	0
0.9561	-0.2957	0
1.0022	-0.0585	0
-0.4931	0.8643	0
0.184	-0.9818	0
-0.3388	0.9415	0
0.3076	0.9589	0
0.5982	0.7981	0
0.975	0.2123	0
0.3596	0.9288	0
-0.8733	0.5027	0
-0.7325	0.6794	0
0.2821	-0.9665	0
0.5013	0.8564	0
-0.456	0.8907	0
0.9523	-0.2848	0
0.3874	-0.9205	0
-0.3653	-0.9321	0
0.4754	-0.8804	0
-0.0588	0.9924	0
0.4667	0.889	0
-0.9077	-0.4098	0
0.8715	0.4823	0
-0.8698	0.4876	0
-0.2904	-0.9583	0
0.9459	0.3113	0
0.4996	-0.8756	0
-0.1717	-0.9849	0
-0.9255	0.3942	0
-0.9852	0.1852	0
-0.1048	0.9959	0
0.2106	-0.981	0
0.8366	0.5382	0
-0.1169	1.0007	0
0.2618	-0.9684	0
0.6518	-0.7576	0
-0.177	0.9881	0
0.6119	0.7919	0
-0.9406	-0.3395	0
0.2851	-0.9641	0
0.997	0.1291	0
0.9834	-0.1261	0
0.4604	-0.8889	0
0.7795	0.6169	0
0.6125	0.7791	0
1.0062	-0.0699	0
0.4304	0.9083	0
0.7691	-0.6422	0
0.8437	0.5294	0
0.9801	0.2362	0
-0.9749	0.1692	0
0.7752	-0.6215	0
-0.0115	-0.9901	0
-0.3534	0.9403	0
-0.6831	-0.725	0
-0.7235	0.6911	0
0.4538	0.8878	0
0.1355	-0.999	0
-0.1962	-0.9743	0
-0.6286	0.7746	0
-0.2309	0.9805	0
-0.7785	0.6213	0
-0.2085	0.9773	0
0.9958	0.1015	0
0.441	-0.8968	0
-0.1954	0.9888	0
-0.1814	-0.9883	0
-0.5189	0.8507	0
1.0086	-0.0276	0
0.7794	0.6132	0
0.9187	0.4062	0
-0.7921	-0.606	0
-0.9015	0.4383	0
-0.1741	-0.9947	0
-0.5874	-0.8069	0
-0.9716	-0.2115	0
-0.9925	-0.0288	0
0.0517	-1.0038	0
-0.974	-0.2199	0
0.7468	-0.6615	0
0.9616	0.2556	0
0.8682	0.4845	0
0.8065	-0.5852	0
-0.6111	0.7897	0
0.9833	-0.118	0
-0.9872	0.1536	0
-0.0389	1.005	0
0.7543	-0.66	0
0.1296	-0.9841	0
-0.4898	-0.8639	0
-0.7942	0.6019	0
0.3953	-0.9134	0
-0.3738	0.9315	0
-0.5097	-0.8572	0
0.9539	0.3092	0
-0.3579	0.9304	0
-0.5141	0.847	0
-0.3618	0.9374	0
0.7818	-0.6138	0
-0.5993	-0.8059	0
-0.9838	-0.1377	0
0.4762	0.8829	0
-0.8282	0.5692	0
-0.9641	-0.227	0
-0.4028	0.9212	0
-0.6509	0.7647	0
0.9698	0.2434	0
0.2725	0.9657	0
0.3152	-0.9491	0
-0.991	0.1783	0
0.6799	0.7224	0
-0.707	-0.7031	0
-0.1492	0.9839	0
-0.3368	0.9301	0
-0.7159	0.7061	0
-0.9524	-0.265	0
1.0067	-0.0033	0
-0.4367	0.8927	0
0.4982	-0.8651	0
0.4366	-0.8979	0
0.5534	0.8343	0
0.139	0.9842	0
-0.2767	0.9693	0
-0.9328	0.3423	0
-0.9902	-0.0952	0
0.9974	0.0211	0
-0.8627	0.5246	0
0.9987	0.0248	0
-0.9573	0.3173	0
-0.0256	-0.9911	0
-0.402	-0.9072	0
-0.6852	-0.7416	0
0.1994	0.9865	0
0.239	-0.9633	0
-0.6786	-0.7365	0
-0.847	-0.5259	0
-0.9954	-0.0719	0
-0.7941	0.6011	0
0.1548	0.9791	0
-0.0329	0.9972	0
0.9909	0.1269	0
-0.8982	-0.4187	0
-0.3954	0.9109	0
-0.9978	-0.1496	0
0.2987	-0.9604	0
-0.7419	-0.6704	0
-0.1168	0.9833	0
-0.7788	-0.633	0
-0.0796	-0.9929	0
-0.1191	-0.9932	0
-0.8426	0.5454	0
0.9303	0.3781	0
-0.7892	-0.6118	0
-0.5853	0.8009	0
-0.9316	0.3537	0
0.8781	-0.4798	0
0.6786	0.7353	0
-0.7132	0.7078	0
-0.9183	-0.4202	0
-1.0069	-0.0786	0
0.9856	-0.1486	0
-0.7188	0.6933	0
-0.1314	-0.9993	0
0.28	-0.9603	0
-0.2409	-0.9763	0
-0.7706	0.6423	0
-0.2948	0.9546	0
0.5213	0.8431	0
0.965	-0.2454	0
-0.361	0.9301	0
0.794	0.598	0
-0.9993	-0.0901	0
-0.5299	0.8582	0
0.5359	0.8396	0
-0.8293	-0.5593	0
0.976	0.23	0
-0.7211	-0.694	0
-0.9499	0.3394	0
0.1745	-0.9883	0
-0.8676	0.5067	0
-0.7828	0.6287	0
-0.9887	0.1888	0
-0.9313	0.364	0
-0.9423	0.3151	0
0.0514	-0.9963	0
-0.4328	-0.9003	0
-0.5309	0.8564	0
0.8875	-0.4457	0
-0.9585	0.2703	0
0.984	-0.1968	0
-0.0933	-1.0051	0
0.2274	-0.9688	0
-0.7601	-0.6568	0
0.5174	0.8675	0
-0.9503	-0.2906	0
-0.7358	-0.6719	0
-0.9929	0.1296	0
-0.4457	-0.9046	0
0.0657	-0.9883	0
-0.9377	-0.348	0
0.9941	-0.0717	0
0.1298	0.9959	0
-0.5484	0.8334	0
-0.5967	0.801	0
-0.1509	0.9825	0
0.9574	-0.294	0
1.0024	-0.0504	0
-0.7851	0.6202	0
0.1057	-0.9882	0
-0.2563	0.969	0
0.4341	0.913	0
-0.9824	-0.1984	0
0.0035	-1.0027	0
-0.8565	0.5113	0
-0.6797	-0.7178	0
-0.4576	0.8967	0
-0.3537	0.9358	0
0.1687	-0.9843	0
0.9783	-0.1845	0
-0.2588	-0.9602	0
0.3534	-0.9245	0
-0.7347	0.679	0
0.9602	-0.3046	0
-0.3723	0.9226	0
-0.8504	-0.5168	0
0.8449	0.5146	0
-0.4367	0.8955	0
0.879	0.465	0
-0.1542	-0.9894	0
0.8946	-0.4402	0
0.8521	0.5327	0
-0.9465	0.3538	0
0.7899	0.6283	0
-0.4464	0.8901	0
0.9836	-0.2089	0
0.845	-0.5336	0
-0.9567	-0.2748	0
0.9988	0.0506	0
0.1203	-0.9939	0
-0.1915	-0.9775	0
0.7498	0.6527	0
-0.9933	0.0768	0
-0.1173	-0.9883	0
-0.615	0.7893	0
-0.914	0.4158	0
0.8968	-0.4657	0
-0.1116	-1.0008	0
-0.622	0.7878	0
0.7013	-0.7032	0
-0.8724	-0.4967	0
0.983	-0.1318	0
0.2038	-0.9716	0
-0.9691	0.2383	0
0.9481	-0.3442	0
-0.9954	-0.1379	0
-0.8911	-0.4688	0
-0.7167	0.6883	0
-0.6282	0.778	0
-0.95	0.3018	0
0.8722	0.5027	0
0.9341	0.355	0
-0.9438	0.3064	0
0.9917	-0.1781	0
1.0049	0.0242	0
0.8923	-0.4332	0
-0.393	-0.9183	0
-0.495	-0.8696	0
0.9159	0.4112	0
0.6179	-0.7869	0
-0.2487	-0.9776	0
-0.2769	-0.971	0
0.945	-0.3158	0
-0.9878	0.1923	0
-0.9902	-0.1258	0
-0.9267	0.3767	0
0.9804	-0.1588	0
0.9906	0.0837	0
0.0127	1.0065	0
0.67	0.7397	0
0.1762	-0.9893	0
0.8784	-0.4849	0
0.9731	0.2104	0
0.9945	0.0842	0
-1.0009	-0.1128	0
0.7868	-0.6192	0
-0.8338	-0.545	0
0.7925	-0.6041	0
-0.8236	-0.5651	0
0.0968	-0.9938	0
-0.9644	0.2856	0
-0.986	-0.1118	0
-0.2396	0.9695	0
0.9916	-0.1366	0
-0.3104	0.943	0
0.6091	-0.7837	0
0.513	-0.863	0
-0.488	0.8657	0
0.1072	0.9964	0
0.9848	0.1245	0
-0.9712	-0.2091	0
0.487	-0.8623	0
0.1767	0.9885	0
0.1835	-0.9857	0
-0.6579	0.7578	0
0.7372	0.6612	0
-0.9247	-0.3596	0
0.3387	-0.9343	0
0.9693	-0.2295	0
0.7433	0.6782	0
-0.9965	0.1077	0
0.8549	0.5121	0
-0.5768	0.8272	0
-0.932	0.3689	0
-0.9025	0.412	0
-0.0393	-0.9929	0
-0.9925	0.1058	0
1.0057	0.0093	0
-0.9752	-0.2143	0
0.972	0.2032	0
-0.6206	0.7868	0
-0.8937	-0.44	0
0.9495	-0.3023	0
0.9706	-0.2509	0
-0.9267	-0.3986	0
-0.6235	-0.7931	0
0.8593	0.5284	0
0.9135	0.4169	0
-1.0003	0.0601	0
0.1959	-0.9849	0
-0.897	-0.4385	0
0.4638	0.8958	0
-0.44	-0.8981	0
0.3541	-0.9371	0
-0.9221	0.3916	0
0.9814	0.1957	0
-0.4065	-0.9232	0
-1.0008	-0.1054	0
-0.5863	-0.8119	0
0.5446	0.8397	0
0.9039	-0.4373	0
0.8379	0.5246	0
0.9964	-0.1455	0
0.9764	-0.2311	0
-0.9923	0.1564	0
0.6047	-0.8013	0
0.5752	-0.8238	0
0.9578	0.3183	0
-0.383	0.9273	0
0.0451	-0.9917	0
0.9035	-0.4349	0
0.9697	-0.2131	0
-0.7983	-0.5961	0
-0.864	-0.5094	0
-0.999	0.0102	0
0.917	0.4049	0
0.947	-0.3452	0
-0.9791	-0.2476	0
-0.9886	-0.1411	0
0.8012	0.5846	0
0.116	-0.9886	0
-0.6113	0.8021	0
-0.8873	-0.45	0
-0.8601	0.4937	0
0.7451	-0.6699	0
-0.0354	-0.9986	0
-0.7574	-0.6644	0
0.6896	-0.7215	0
-0.2922	-0.953	0
0.1388	-0.983	0
-0.9345	0.3449	0
-0.6246	0.7802	0
-0.6348	0.7764	0
0.4311	0.8999	0
0.9981	-0.108	0
0.9025	0.4196	0
0.6612	0.7505	0
0.8388	-0.5411	0
-0.8709	-0.4683	0
0.6078	0.8065	0
-0.1096	0.9949	0
-0.4229	-0.9038	0
0.8717	-0.4894	0
0.7168	0.7023	0
-0.9997	0.0954	0
0.378	0.9251	0
-0.9987	0.0916	0
-0.8947	0.4534	0
-0.4418	0.8959	0
0.674	-0.7417	0
-0.9913	0.1026	0
-0.6193	-0.7983	0
-0.5141	-0.8575	0
-0.7397	-0.6744	0
-0.9503	-0.2909	0
-0.9714	0.2489	0
-0.583	0.8073	0
0.9981	0.0287	0
0.2012	0.9711	0
0.1136	0.9903	0
-0.9579	0.2766	0
-0.8952	-0.4366	0
0.9442	-0.3217	0
-0.7019	0.7033	0
0.5564	0.825	0
0.0695	-1.0038	0
0.2594	-0.9759	0
0.5744	-0.8253	0
-0.4814	0.873	0
0.3785	-0.9359	0
-0.6293	-0.7724	0
0.1643	-0.9841	0
0.1891	0.9901	0
0.1637	0.9961	0
0.5242	0.8455	0
-0.5258	0.8504	0
0.9927	-0.1117	0
0.7827	-0.6244	0
-0.8202	0.5788	0
-0.9348	-0.3694	0
0.9816	-0.1476	0
-0.8955	-0.4369	0
-0.4579	0.8856	0
0.6825	0.7255	0
-0.419	0.9155	0
-0.1411	-0.9923	0
-0.7861	0.6033	0
0.1185	-0.9994	0
0.998	0.1169	0
0.1999	0.9698	0
0.8817	0.4648	0
0.5511	0.8437	0
0.7718	-0.6347	0
-0.9898	-0.1155	0
-0.9939	-0.1736	0
-0.9739	-0.2537	0
0.9892	-0.1132	0
0.6675	0.7503	0
0.4505	0.9	0
-0.9181	0.3777	0
-0.0342	1.005	0
0.1642	-0.9956	0
0.3705	0.9216	0
0.7806	-0.6121	0
0.8956	-0.4503	0
-0.2581	0.9616	0
-0.9817	-0.1348	0
-0.1369	0.9817	0
0.2792	-0.9525	0
-0.6916	0.7247	0
0.7807	0.6264	0
-0.7982	-0.6132	0
-0.9955	0.0999	0
-0.396	0.9149	0
0.8293	-0.5754	0
0.7115	-0.7074	0
0.3663	-0.9342	0
-0.9675	0.2632	0
0.9296	-0.3552	0
-0.0322	0.9993	0
-0.8899	-0.4544	0
0.254	0.974	0
1.0043	0.0065	0
0.6743	-0.7423	0
0.8003	0.5895	0
0.0792	-0.9911	0
-0.2234	0.9712	0
0.9565	-0.2772	0
0.9987	0.0833	0
0.6283	-0.775	0
-0.3657	0.9316	0
-0.6559	0.7583	0
0.6666	0.7372	0
-0.6062	0.7966	0
-0.7428	0.6537	0
0.958	0.3223	0
-0.931	0.334	0
-0.6914	0.7222	0
-0.1321	-1.0005	0
-0.9938	-0.0925	0
0.3636	0.9283	0
-0.7945	0.609	0
-0.9725	0.2416	0
-0.9486	0.303	0
0.7166	0.6852	0
-0.9668	0.2388	0
-0.9277	0.3761	0
-0.7712	-0.6275	0
-0.9571	-0.3064	0
-0.9886	0.0556	0
0.6881	-0.7259	0
-0.9935	-0.0029	0
-0.5508	0.8432	0
0.9726	-0.2414	0
-0.0835	0.9912	0
-0.8212	-0.572	0
0.7884	0.6288	0
-0.195	0.9852	0
0.7059	-0.7142	0
-0.297	-0.9437	0
0.817	0.5723	0
-0.7621	0.6682	0
-0.987	-0.2011	0
-0.9466	-0.3009	0
0.9722	-0.2292	0
-0.9916	-0.1426	0
-0.6869	0.7246	0
0.9756	0.2378	0
0.4966	-0.8621	0
0.6741	0.7224	0
-0.801	-0.5826	0
-0.4485	0.8966	0
0.3462	-0.9411	0
1.0023	0.0699	0
-0.4346	-0.8986	0
0.5164	-0.8659	0
0.9132	0.3966	0
-0.2284	-0.9744	0
-0.5985	-0.7949	0
0.8419	-0.5339	0
0.506	0.8515	0
-0.873	-0.4756	0
-0.3681	0.9191	0
0.4245	-0.8993	0
0.8435	0.5423	0
-0.9091	0.4199	0
0.5213	-0.8565	0
0.5495	-0.8487	0
-0.9581	-0.2553	0
0.6741	0.7417	0
-0.2396	-0.9626	0
0.4759	-0.8797	0
-0.313	0.9467	0
0.353	-0.9325	0
0.14	0.9991	0
0.555	-0.8333	0
0.2186	-0.9664	0
-0.3165	-0.9521	0
0.9775	0.2121	0
0.516	0.8579	0
-0.9346	-0.3462	0
0.9874	-0.1101	0
-0.0108	-1.0087	0
0.973	-0.1804	0
0.2796	-0.9521	0
-0.0644	1.0041	0
0.6547	-0.7563	0
0.2978	0.9489	0
0.9627	-0.2579	0
0.5888	-0.7943	0
0.4667	-0.8724	0
0.7824	0.6099	0
-0.7649	-0.6304	0
-0.4094	-0.921	0
0.02	0.9966	0
0.9805	-0.1502	0
-0.0707	0.9912	0
0.7777	-0.6264	0
0.2393	-0.974	0
-0.9092	-0.4006	0
-0.8243	0.5437	0
0.3405	0.9387	0
1.0091	0.0173	0
1.0093	-0.0023	0
-0.7398	0.6828	0
-0.523	-0.8413	0
0.2704	-0.9605	0
0.5653	-0.8221	0
-0.8138	-0.5729	0
1.0002	0.1248	0
0.9894	-0.1836	0
0.7537	0.651	0
0.49	-0.8791	0
0.9568	0.3003	0
0.4887	-0.8726	0
-0.9205	0.3814	0
-0.9967	0.0598	0
-0.9326	0.3634	0
0.9561	-0.2918	0
0.3618	-0.9261	0
-0.7739	0.6317	0
-0.7965	0.5933	0
-0.9897	-0.0961	0
0.9847	-0.1069	0
-0.3947	-0.9261	0
-0.9523	-0.2701	0
0.1378	-0.9836	0
0.3688	-0.9272	0
0.3625	-0.92	0
0.2556	-0.9768	0
0.3711	-0.9206	0
0.9849	-0.1432	0
0.9491	-0.336	0
0.7727	-0.6512	0
0.4811	0.8668	0
-0.4352	0.9067	0
-0.8226	0.569	0
0.1517	0.9918	0
0.1911	0.9856	0
-0.187	-0.9808	0
-0.9815	0.2316	0
-0.8207	0.5696	0
0.5263	0.8494	0
0.5489	0.8425	0
-0.9541	-0.3122	0
0.4244	0.9172	0
-0.0455	1.008	0
-0.6317	0.7645	0
-0.985	-0.1408	0
-0.0577	-0.9941	0
-0.9126	0.3961	0
-0.9942	-0.0049	0
0.0598	-0.9941	0
-0.9555	-0.3197	0
-0.9657	-0.2625	0
0.0911	-0.9958	0
0.7801	-0.6297	0
0.5013	-0.8544	0
-0.8929	0.4551	0
0.8702	0.4941	0
-0.9697	0.2173	0
-0.9832	-0.225	0
0.9021	0.4203	0
0.2018	0.9827	0
-0.7957	0.5845	0
0.7554	-0.6555	0
0.1503	0.9884	0
0.6634	-0.7535	0
-0.9962	0.1107	0
0.0749	-1.003	0
-0.9895	-0.1733	0
0.7572	-0.6557	0
-0.0513	-0.9906	0
-0.9904	-0.0304	0
-0.7827	0.6309	0
0.7728	-0.6371	0
-0.3929	-0.9184	0
0.8729	-0.4762	0
0.9293	0.3822	0
0.8897	0.4558	0
0.1767	-0.9741	0
0.0661	0.9916	0
0.7669	0.6375	0
-0.428	-0.913	0
0.9356	0.3664	0
-0.5192	0.8528	0
-0.9937	-0.0847	0
0.6772	-0.7324	0
-0.9911	-0.1556	0
-0.9861	-0.1769	0
-0.1918	-0.9702	0
0.9629	0.2583	0
0.8945	0.4362	0
0.6686	-0.7509	0
0.8066	0.598	0
0.6715	-0.7487	0
-0.183	0.9806	0
-0.9973	-0.0211	0
0.2247	-0.9786	0
-0.7437	0.6771	0
-0.0824	-0.9903	0
-0.3203	-0.9568	0
0.9528	-0.326	0
-0.3154	0.9453	0
0.9675	-0.2219	0
0.915	-0.3963	0
0.9017	-0.4569	0
-0.2339	-0.9654	0
0.2438	0.9816	0
0.8702	-0.4943	0
0.7129	-0.6973	0
-0.3782	0.9349	0
-0.7892	-0.6149	0
-0.4183	0.907	0
-0.9321	0.3446	0
-0.5274	0.8399	0
-0.995	0.1272	0
-0.3381	0.9368	0
0.239	0.9738	0
-0.9017	-0.4289	0
0.3611	0.9371	0
0.3994	0.9125	0
0.8793	0.4624	0
-0.9117	-0.3979	0
0.6446	-0.7744	0
0.0018	-1.0095	0
0.5098	-0.8656	0
0.0875	-0.9891	0
0.9563	-0.3249	0
-0.9674	0.2806	0
0.7484	0.6612	0
0.6175	0.7917	0
-0.3174	-0.9593	0
0.498	-0.8696	0
-0.9444	0.351	0
-0.9446	-0.3633	0
-0.8032	-0.595	0
0.5473	-0.8407	0
0.9144	0.4157	0
-0.7469	0.6687	0
0.0682	-0.9953	0
-0.52	0.8601	0
0.4587	-0.8886	0
-0.6113	0.7936	0
0.4365	-0.9072	0
0.5975	-0.8047	0
-0.6677	0.7528	0
0.387	-0.9196	0
0.9932	0.0257	0
0.0031	-0.9922	0
-1.0055	0.053	0
0.7655	-0.6434	0
-0.505	0.8668	0
-0.4754	-0.8758	0
0.5805	-0.8152	0
-0.9621	0.2776	0
0.065	-0.9929	0
-0.9512	0.3345	0
0.9727	0.209	0
-0.7679	-0.6405	0
-0.4155	0.8986	0
0.0492	0.989	0
-0.1864	-0.9815	0
0.772	0.6239	0
-0.9668	0.238	0
0.7137	0.6898	0
0.7164	-0.6977	0
-0.7638	0.6479	0
0.3728	-0.9344	0
-0.9893	0.0664	0
0.9172	0.399	0
0.4245	0.9053	0
-0.85	0.5144	0
-0.4011	-0.908	0
0.0239	1.0002	0
0.787	-0.6077	0
-1.0034	0.027	0
-0.0802	1.0037	0
0.742	0.6519	0
0.9782	0.1821	0
0.7546	0.6506	0
-0.1691	-0.9753	0
-0.9861	-0.1925	0
0.1892	0.9909	0
0.2075	0.9815	0
0.0244	-1.0	0
0.0056	1.0023	0
0.9126	0.4037	0
0.7939	0.6137	0
0.0219	1.0011	0
0.2726	0.9531	0
-0.9334	0.342	0
0.985	-0.2023	0
-0.3852	0.933	0
0.6917	-0.7117	0
0.2651	0.9525	0
-0.4584	-0.9	0
0.9972	-0.1587	0
-0.7373	0.672	0
0.6046	0.7964	0
-0.2201	0.9779	0
0.8245	0.5668	0
-0.8969	-0.4412	0
-0.5356	0.8395	0
-0.9285	-0.3585	0
0.9183	0.3704	0
0.3925	0.915	0
0.5117	0.8605	0
-0.7294	0.6805	0
0.8166	-0.5645	0
-1.0038	0.0954	0
-0.5662	0.827	0
0.404	-0.9216	0
0.2363	-0.967	0
-0.03	1.0042	0
-0.9953	0.0085	0
0.9857	0.1099	0
-0.4009	0.9053	0
-0.0167	0.993	0
-0.9987	-0.0586	0
-0.4247	-0.9161	0
-0.8548	-0.5217	0
0.0589	0.9986	0
0.8332	-0.5665	0
-0.474	0.8859	0
0.5582	0.8264	0
-0.0803	1.0004	0
0.8995	-0.4316	0
0.1343	-0.9991	0
0.8436	-0.5523	0
0.1525	-0.98	0
-0.6721	-0.7396	0
0.9156	0.38	0
0.9031	-0.4154	0
-0.8761	-0.4853	0
0.7631	0.634	0
0.168	0.9902	0
-0.929	-0.3829	0
-0.2594	0.9671	0
0.2649	-0.9655	0
-0.9895	-0.0608	0
-0.9135	-0.4185	0
-0.8417	-0.5316	0
0.3646	-0.9285	0
0.1088	0.9874	0
-0.7521	0.6615	0
0.8527	0.5417	0
0.2453	0.9712	0
0.518	-0.8552	0
-0.611	-0.7818	0
0.6515	-0.761	0
0.7145	-0.6919	0
0.8806	0.4826	0
-0.1476	-0.9982	0
0.5361	-0.8422	0
-0.1942	-0.9885	0
-1.0024	0.1041	0
0.9713	-0.2421	0
-0.9906	-0.1472	0
-0.9731	-0.2449	0
-0.9228	0.3716	0
-0.0529	-1.0065	0
0.6903	-0.72	0
-0.9834	0.1671	0
-0.2199	0.9666	0
0.4472	-0.8803	0
0.9852	-0.1238	0
0.2152	0.9731	0
-0.844	-0.5433	0
0.3764	-0.9229	0
0.9265	-0.3839	0
-0.9447	0.3465	0
0.9342	-0.347	0
-0.9197	-0.4063	0
0.8972	-0.445	0
-0.9201	0.3841	0
-1.0093	0.0015	0
-0.9317	-0.3661	0
-0.0703	-1.0074	0
0.9978	0.1441	0
0.3448	0.9314	0
-0.8243	-0.5818	0
-0.2557	-0.9606	0
0.857	0.5115	0
0.6714	-0.7429	0
-0.9977	-0.0375	0
-0.9277	0.3999	0
-0.9909	0.0576	0
0.9586	0.2872	0
-0.9498	0.3079	0
1.0024	0.0212	0
0.9409	-0.3683	0
-0.9535	0.3199	0
-0.315	0.9455	0
0.64	-0.7733	0
-0.5577	-0.8306	0
0.9613	0.2566	0
-0.8873	0.4415	0
0.8847	0.4693	0
0.6507	0.7521	0
-0.6457	0.7613	0
0.3587	-0.9301	0
0.9324	0.3425	0
-0.2953	-0.9544	0
-0.8853	-0.4608	0
0.8133	-0.5665	0
-0.9988	-0.0773	0
0.8101	-0.5668	0
0.2008	0.9914	0
-0.9856	0.1581	0
-0.9589	-0.2951	0
-0.4779	-0.877	0
-0.9432	-0.3425	0
0.2604	0.9669	0
0.9896	0.0353	0
-0.2262	0.9698	0
0.1748	-0.9845	0
0.9131	-0.4092	0
0.6219	0.7755	0
-0.9949	0.1183	0
0.6178	-0.7949	0
-1.0009	0.0113	0
-0.2013	-0.989	0
-0.4504	-0.896	0
0.1824	0.9857	0
0.7711	-0.6467	0
0.4448	0.8978	0
0.8812	-0.474	0
-0.5499	0.848	0
-0.3986	0.9234	0
0.5184	-0.8572	0
-0.9985	0.0669	0
-0.7349	0.6738	0
0.9616	-0.2721	0
-0.3016	-0.9547	0
-0.5227	0.8556	0
-0.4278	0.9031	0
0.8259	0.5533	0
0.9928	-0.166	0
0.0067	-0.9947	0
1.0043	0.0224	0
0.9914	0.0035	0
-0.9033	-0.4348	0
0.9124	-0.405	0
-0.8231	0.5606	0
0.9901	-0.1817	0
-0.7767	-0.6256	0
-0.7029	-0.7141	0
-0.4779	-0.8803	0
0.9082	0.437	0
0.5139	0.8616	0
0.9162	-0.3872	0
-0.0677	1.0001	0
0.2463	0.9617	0
-0.2672	0.9567	0
0.0624	-0.9999	0
0.5691	0.8195	0
0.5016	0.8582	0
-0.491	0.8677	0
0.8478	0.5351	0
0.4625	-0.8792	0
-0.8152	0.5695	0
-0.8403	-0.5218	0
0.4822	-0.8719	0
-0.968	0.2732	0
-0.374	0.9331	0
-0.5996	-0.8165	0
0.1216	0.9897	0
-0.8093	-0.5959	0
0.6124	-0.7914	0
-0.991	0.0652	0
0.9717	0.2576	0
-0.9571	0.3008	0
-0.306	-0.9472	0
0.9326	-0.3469	0
-0.5195	-0.8574	0
-0.7584	0.6455	0
0.1108	0.9857	0
-0.793	0.6095	0
0.9174	0.418	0
0.2926	-0.9555	0
0.8081	-0.5946	0
0.7265	0.6882	0
0.8092	0.5934	0
-0.4775	-0.869	0
0.4997	0.8652	0
0.5143	0.8559	0
-0.1685	-0.982	0
-0.4072	-0.912	0
-0.9423	0.3559	0
0.2822	0.9553	0
0.8428	0.5236	0
-0.9868	0.1719	0
0.4048	-0.9052	0
0.1006	1.0036	0
-0.6835	0.7274	0
0.0534	1.008	0
0.8373	0.54	0
0.8757	0.4873	0
-0.986	-0.1179	0
-0.3173	-0.9475	0
-0.9337	0.3752	0
-0.562	0.8252	0
0.0664	1.0026	0
0.8442	0.5164	0
0.9969	-0.0236	0
-0.8657	0.5046	0
0.9942	-0.1658	0
-0.9821	-0.2002	0
0.962	-0.2674	0
0.9275	0.3867	0
-0.3407	0.9432	0
-0.4704	-0.8752	0
0.8553	0.5294	0
0.3359	-0.9365	0
0.2977	-0.9475	0
-0.8791	-0.4843	0
0.1011	-0.9887	0
0.8614	-0.5074	0
-0.9907	-0.1755	0
-0.8766	0.4878	0
0.6066	0.7943	0
-0.9868	0.1111	0
-0.614	-0.7843	0
0.2581	0.9578	0
-1.0058	-0.0514	0
0.9931	0.1375	0
-0.1026	1.0046	0
-0.8646	-0.5058	0
0.8166	0.5661	0
-0.1953	-0.98	0
-0.4749	-0.8785	0
-1.0018	-0.0509	0
0.9895	-0.0675	0
0.8682	0.4764	0
-0.1141	-0.9829	0
-0.1588	-0.9944	0
-0.9848	0.1231	0
-0.206	-0.9727	0
-0.9238	0.3759	0
0.9899	-0.1823	0
0.4658	0.8844	0
0.9983	-0.0327	0
-0.9227	-0.3734	0
-0.9223	0.3755	0
-0.5072	-0.854	0
0.9329	-0.3832	0
0.1063	0.9924	0
0.8248	0.5582	0
0.8413	0.5427	0
0.8225	-0.5721	0
0.728	-0.6928	0
0.5949	0.7953	0
0.987	0.1009	0
0.9839	0.2218	0
0.6668	0.7448	0
-0.9876	-0.1106	0
-0.4136	0.9124	0
-0.708	0.6995	0
-0.0805	0.9936	0
-0.1119	0.9882	0
-0.6288	-0.7759	0
0.9822	0.1915	0
0.6866	-0.7197	0
-0.6808	-0.7227	0
-0.7924	-0.6135	0
0.9341	0.3463	0
-0.0388	0.9913	0
0.8951	-0.441	0
0.2381	0.9669	0
-0.1198	-0.9842	0
0.7147	-0.6921	0
-0.2723	0.9533	0
0.6746	-0.7397	0
0.5767	-0.8139	0
-0.4414	0.8933	0
-0.0447	-0.9917	0
0.9874	0.1406	0
-0.9905	0.0141	0
0.6999	0.7302	0
0.9887	-0.0804	0
0.9942	0.1335	0
0.9913	-0.0256	0
-0.4034	0.9168	0
-0.6575	0.762	0
0.0383	-1.0072	0
0.9558	-0.3052	0
-0.9848	-0.1985	0
0.5836	-0.8047	0
-0.5417	-0.8475	0
-0.9228	0.3888	0
-0.1539	0.9948	0
0.0511	0.9956	0
1.0007	-0.0548	0
0.87	0.4995	0
-0.0598	-0.9904	0
0.4305	0.913	0
1.0095	-0.0181	0
-0.8732	-0.4796	0
-0.1094	0.9853	0
-0.5873	0.7994	0
0.2796	0.9609	0
-0.8593	-0.5138	0
0.9815	-0.1867	0
-0.4837	0.8673	0
-0.9057	0.4388	0
0.1963	0.9803	0
-0.2604	-0.9683	0
-0.797	0.615	0
0.3824	0.9294	0
-0.7683	-0.643	0
-0.9701	0.2214	0
-0.4155	-0.9003	0
0.0049	-0.9931	0
-0.6877	-0.7195	0
-0.9916	-0.1664	0
0.4773	-0.8741	0
0.6377	-0.7769	0
0.9736	-0.2599	0
-0.9939	0.0325	0
-0.4534	-0.891	0
-0.9615	-0.2586	0
0.2548	0.9606	0
-0.9913	0.1765	0
0.7158	-0.6891	0
-0.9449	-0.324	0
-0.899	0.4388	0
-0.9903	-0.0356	0
0.436	0.899	0
0.3727	0.9355	0
-0.4126	-0.9018	0
0.1187	-0.9937	0
0.9234	0.4007	0
-0.8971	-0.4507	0
-0.9416	0.3503	0
0.0726	0.9938	0
0.4621	0.8902	0
0.335	-0.9511	0
-0.1326	0.9889	0
-0.974	-0.194	0
0.2854	0.9519	0
0.6719	0.75	0
0.9405	0.3212	0
-0.839	-0.5441	0
0.4122	-0.9228	0
-0.4782	0.8806	0
1.0074	0.0243	0
-0.2645	0.9582	0
0.246	0.9576	0
-0.9398	-0.3523	0
0.9144	-0.4089	0
-0.9528	0.2773	0
0.3632	-0.94	0
0.7763	-0.6343	0
-0.4835	-0.8701	0
-0.9179	-0.3905	0
-0.8837	-0.4475	0
-0.8657	0.4917	0
-0.7519	0.6668	0
-0.1012	-0.9846	0
0.8614	0.4986	0
-0.2887	0.96	0
0.0788	0.9876	0
0.8967	-0.4544	0
-0.9849	0.2093	0
0.6085	-0.7828	0
0.8767	-0.4896	0
-0.9535	-0.3073	0
-0.6328	0.7776	0
0.7825	-0.6017	0
-0.3339	0.9461	0
-0.6928	-0.7232	0
0.1528	-0.9954	0
0.7492	0.6536	0
-0.7475	0.6493	0
-0.8701	0.4792	0
0.8635	0.5011	0
0.313	-0.9532	0
-0.6783	0.7308	0
-0.9396	-0.3285	0
0.8722	0.5088	0
0.9418	0.3188	0
0.9748	-0.1713	0
0.3916	0.9106	0
0.3628	-0.933	0
-0.1977	0.9845	0
0.4669	0.8861	0
-0.9416	-0.3547	0
-0.4316	-0.9088	0
0.3684	-0.935	0
0.9329	-0.3761	0
0.8622	-0.5099	0
-0.5904	0.7983	0
0.4466	-0.8933	0
-0.9963	0.0987	0
0.9465	-0.3127	0
-0.9724	0.1995	0
-0.9866	-0.2198	0
0.3918	-0.9224	0
0.6549	0.7568	0
0.9064	-0.403	0
-0.4462	-0.9034	0
0.0627	-1.0044	0
0.0201	-1.0052	0
-0.4593	0.8775	0
-0.802	-0.5956	0
0.1149	0.9991	0
0.9638	-0.2837	0
-0.5354	-0.8533	0
0.4936	-0.863	0
0.6786	0.7371	0
-0.6205	0.7792	0
-0.7753	0.6438	0
-0.8964	-0.4304	0
0.999	-0.1015	0
0.0895	-1.0024	0
-0.6822	-0.7194	0
0.049	-1.0052	0
-0.6576	-0.7602	0
-0.8805	0.4794	0
0.4275	-0.9085	0
0.838	0.564	0
0.5533	0.8277	0
-0.4251	0.8943	0
-0.8809	-0.4628	0
-0.9011	-0.4446	0
-1.0055	-0.0789	0
-0.0908	-0.99	0
-0.4169	-0.9142	0
0.8371	-0.5369	0
-0.5754	0.8219	0
0.6097	0.7785	0
0.4399	-0.9051	0
0.5365	0.8537	0
-0.5506	-0.8252	0
-0.7771	0.6261	0
-0.7663	-0.6383	0
-0.2936	0.9451	0
-0.6695	0.74	0
-0.8151	0.5688	0
-0.9999	-0.0858	0
-0.0277	-0.9991	0
0.9884	0.2001	0
-0.281	0.9543	0
-0.5361	0.8377	0
-0.5643	-0.8139	0
-0.3146	-0.9452	0
-0.5622	0.823	0
0.5266	-0.8578	0
-0.9826	0.1687	0
0.7213	0.6804	0
0.9286	0.3434	0
-0.2195	0.9772	0
0.4127	0.9144	0
-0.4639	0.8916	0
-0.508	-0.8654	0
-0.4315	-0.8939	0
0.4135	0.9034	0
0.2297	0.976	0
0.9424	-0.3221	0
0.9823	0.1894	0
-1.0019	0.0018	0
0.5964	0.8085	0
-0.1669	-0.9875	0
0.8576	0.5105	0
0.9517	-0.2989	0
0.3542	-0.9285	0
-0.5911	0.7976	0
0.2762	0.9639	0
0.3031	-0.945	0
-0.8194	-0.5587	0
0.6965	-0.7042	0
-0.7244	-0.683	0
0.3721	-0.9216	0
-0.6841	-0.7216	0
0.6789	0.7286	0
-0.9599	-0.3081	0
-0.9369	-0.3653	0
-0.7929	-0.5995	0
-0.9912	-0.0487	0
0.3701	0.9333	0
-0.8509	-0.5345	0
-0.9663	-0.2517	0
-0.2775	0.9489	0
0.0805	1.0012	0
0.3029	0.9455	0
-0.8666	0.4902	0
0.5445	-0.838	0
-0.4191	-0.9104	0
-0.2579	-0.9675	0
-0.9818	-0.2196	0
0.413	0.9015	0
0.9735	-0.1752	0
0.1767	0.9825	0
0.2472	-0.9724	0
-0.32	-0.9519	0
-0.9927	0.1359	0
-0.8435	-0.555	0
-1.0072	-0.0346	0
0.729	0.6834	0
-0.8817	-0.4736	0
0.1785	0.9823	0
-0.6957	0.7195	0
-1.0007	0.0984	0
0.9819	0.1693	0
0.5865	-0.816	0
0.4859	-0.8633	0
0.9053	-0.418	0
-0.9797	-0.1379	0
0.1666	0.9844	0
-0.29	-0.956	0
0.631	0.7845	0
-0.3601	0.9363	0
0.5937	0.7929	0
0.1825	-0.9732	0
-0.987	-0.1108	0
0.7305	-0.6963	0
0.9915	-0.04	0
-0.3692	-0.927	0
0.0215	-1.009	0
0.9711	-0.2708	0
-0.8315	-0.5483	0
0.1786	-0.9856	0
0.9928	0.1613	0
0.8961	0.4427	0
0.4808	0.8836	0
1.0068	0.0228	0
0.9911	-0.1368	0
-0.9986	-0.119	0
-0.2869	-0.9602	0
0.3184	-0.9398	0
0.9939	-0.0102	0
0.0624	1.0043	0
-0.5049	-0.8508	0
-0.8832	-0.4748	0
-0.8829	0.4486	0
-0.9409	0.3551	0
-0.4436	-0.9005	0
0.8745	-0.4772	0
0.9424	0.3417	0
0.9007	0.4417	0
0.1052	0.9873	0
-0.6139	0.7773	0
-0.3292	-0.9374	0
0.3707	-0.9408	0
0.8943	-0.4702	0
-0.6508	0.7736	0
0.138	0.9906	0
-0.1455	-0.9816	0
-0.9089	0.4149	0
-0.9901	-0.1247	0
0.067	1.0016	0
0.5498	0.8377	0
0.8528	0.5307	0
-0.9666	0.2094	0
-0.5301	0.8511	0
0.7982	-0.5857	0
0.9235	0.3911	0
0.4955	0.8768	0
0.9975	-0.1008	0
-0.635	0.7704	0
1.0007	0.1398	0
-0.9841	0.2172	0
-0.7888	0.6123	0
