-10.9727	-10.2321	-2
-10.9943	-10.1062	-2
-9.3494	-10.7594	-2
-10.6206	-9.2159	-2
-10.7034	-9.2892	-2
-9.8919	-10.9941	-2
-9.0074	-10.1215	-2
-10.9418	-9.6639	-2
-9.7396	-10.9655	-2
-9.4675	-10.8464	-2
-9.8157	-10.9829	-2
-10.1341	-9.009	-2
-10.5253	-10.8509	-2
-10.9198	-10.3924	-2
-9.3171	-9.2695	-2
-10.3196	-9.0525	-2
-10.4773	-9.1212	-2
-10.7223	-9.3084	-2
-10.9998	-10.0221	-2
-9.4181	-10.8132	-2
-9.5651	-9.0995	-2
-9.0469	-10.3027	-2
-10.8354	-9.4503	-2
-10.997	-9.9226	-2
-10.0907	-10.9959	-2
-9.3939	-9.2046	-2
-9.3204	-10.7336	-2
-10.3986	-10.9171	-2
-9.2596	-10.6721	-2
-9.3151	-10.7286	-2
-10.329	-10.9443	-2
-10.2179	-9.024	-2
-9.6395	-10.9328	-2
-9.952	-9.0012	-2
-10.4168	-10.909	-2
-10.978	-9.7913	-2
-9.6554	-10.9387	-2
-9.1993	-10.5991	-2
-9.1529	-9.4685	-2
-10.329	-9.0557	-2
-9.2318	-9.3598	-2
-10.8398	-10.5428	-2
-9.1988	-9.4016	-2
-10.8764	-10.4815	-2
-10.9919	-10.1272	-2
-10.9291	-10.3698	-2
-10.2497	-10.9683	-2
-9.2619	-10.6747	-2
-10.622	-9.217	-2
-9.5568	-9.1036	-2
-10.3928	-9.0804	-2
-10.192	-10.9814	-2
-9.5495	-10.8928	-2
-9.6257	-10.9273	-2
-10.9986	-10.0533	-2
-9.8586	-9.0101	-2
-9.3342	-10.7461	-2
-9.8805	-10.9928	-2
-9.5575	-9.1032	-2
-9.1537	-9.4674	-2
-9.5998	-9.0836	-2
-10.0697	-10.9976	-2
-11.0	-10.0	-2
-10.7001	-9.286	-2
-9.9185	-10.9967	-2
-9.7132	-9.042	-2
-10.9991	-10.0416	-2
-10.8595	-10.5112	-2
-9.8906	-10.994	-2
-9.1606	-9.4565	-2
-9.1286	-9.5094	-2
-10.8783	-10.4781	-2
-9.857	-9.0103	-2
-9.0835	-10.4001	-2
-9.12	-9.525	-2
-10.2061	-9.0215	-2
-10.0047	-9.0	-2
-10.0009	-9.0	-2
-10.9478	-10.3188	-2
-10.5011	-9.1346	-2
-9.2922	-10.7064	-2
-10.7093	-9.2951	-2
-10.831	-10.5562	-2
-10.7137	-10.7004	-2
-9.4069	-9.1949	-2
-9.9865	-9.0001	-2
-10.1002	-10.995	-2
-10.7722	-10.6354	-2
-10.9903	-10.139	-2
-10.5482	-10.8363	-2
-10.9883	-10.1528	-2
-10.2898	-10.9571	-2
-9.1802	-9.4274	-2
-9.0383	-10.274	-2
-10.3769	-10.9262	-2
-9.5093	-10.8713	-2
-9.8952	-9.0055	-2
-10.8131	-9.4178	-2
-9.6282	-10.9283	-2
-9.1915	-10.5885	-2
-9.4862	-9.1421	-2
-9.6816	-10.948	-2
-9.0685	-10.3637	-2
-10.1308	-10.9914	-2
-9.3429	-10.7538	-2
-10.0368	-10.9993	-2
-9.5732	-9.0956	-2
-10.0575	-10.9983	-2
-10.4334	-10.9012	-2
-10.998	-10.0637	-2
-9.2643	-9.3227	-2
-10.7176	-10.6965	-2
-9.1297	-9.5074	-2
-9.0478	-10.3055	-2
-10.0704	-10.9975	-2
-9.5303	-10.8828	-2
-10.159	-9.0127	-2
-9.9613	-10.9993	-2
-10.9653	-9.7388	-2
-9.0003	-9.9762	-2
-9.0377	-10.2719	-2
-9.4521	-9.1635	-2
-10.3662	-9.0695	-2
-9.4739	-9.1496	-2
-9.0269	-9.7694	-2
-10.0171	-9.0001	-2
-10.7693	-10.6389	-2
-9.6062	-10.9192	-2
-9.1342	-10.5003	-2
-10.8218	-10.5698	-2
-9.1915	-9.4115	-2
-9.4242	-9.1824	-2
-9.394	-9.2045	-2
-10.5211	-9.1465	-2
-10.8243	-10.5661	-2
-9.2799	-10.6939	-2
-10.6916	-10.7223	-2
-9.4817	-10.8552	-2
-11.0	-10.0041	-2
-10.7396	-10.6731	-2
-10.3829	-10.9238	-2
-9.8378	-10.9868	-2
-10.8597	-10.5107	-2
-9.91	-9.0041	-2
-9.0298	-9.7578	-2
-9.3699	-10.7765	-2
-9.3709	-9.2227	-2
-9.2332	-10.6419	-2
-10.51	-9.1398	-2
-10.3353	-10.9421	-2
-10.9255	-9.6213	-2
-10.5157	-10.8568	-2
-9.2919	-10.7061	-2
-9.0351	-9.7375	-2
-10.9857	-9.8318	-2
-10.4143	-9.0898	-2
-10.9683	-9.7503	-2
-9.0115	-9.8491	-2
-9.1291	-9.5085	-2
-10.1584	-9.0126	-2
-10.2812	-10.9596	-2
-10.503	-9.1357	-2
-9.0	-9.9961	-2
-9.2712	-10.6847	-2
-9.1502	-9.4729	-2
-9.8606	-10.9902	-2
-10.9978	-9.9338	-2
-9.4378	-10.827	-2
-10.6341	-10.7732	-2
-10.2906	-9.0431	-2
-10.7238	-10.69	-2
-10.9742	-10.2257	-2
-9.1239	-9.5179	-2
-10.7681	-10.6403	-2
-10.9918	-9.8723	-2
-9.3035	-10.7176	-2
-10.7985	-9.3979	-2
-10.9099	-10.4149	-2
-10.7778	-10.6285	-2
-9.7561	-10.9698	-2
-9.4051	-10.8038	-2
-10.763	-9.3536	-2
-10.9699	-10.2434	-2
-9.2165	-10.6214	-2
-10.22	-10.9755	-2
-10.9115	-10.4113	-2
-9.8787	-10.9926	-2
-9.0411	-10.2838	-2
-10.8717	-10.49	-2
-10.4789	-10.8778	-2
-10.6611	-10.7503	-2
-10.4546	-9.1093	-2
-11.0	-10.0032	-2
-10.4781	-9.1217	-2
-10.9779	-9.7909	-2
-9.3268	-9.2606	-2
-10.1232	-10.9924	-2
-10.8553	-10.5182	-2
-9.9598	-9.0008	-2
-9.2096	-10.6126	-2
-9.0003	-10.0247	-2
-9.0136	-10.1643	-2
-10.3013	-10.9535	-2
-10.849	-10.5283	-2
-10.9135	-10.4069	-2
-9.9638	-9.0007	-2
-11.0	-9.9912	-2
-10.9892	-10.1467	-2
-9.3147	-10.7282	-2
-9.0752	-10.3805	-2
-9.632	-10.9298	-2
-10.9762	-10.2169	-2
-9.3849	-9.2115	-2
-10.9996	-9.9719	-2
-9.0065	-10.1141	-2
-9.6369	-9.0682	-2
-9.0426	-9.7112	-2
-10.888	-10.4599	-2
-9.4356	-9.1745	-2
-9.3442	-9.2451	-2
-10.9617	-9.7258	-2
-9.5723	-10.9039	-2
-9.0294	-10.2408	-2
-9.6069	-9.0805	-2
-10.9987	-9.9485	-2
-9.0173	-10.185	-2
-10.5408	-9.1589	-2
-10.5895	-10.8077	-2
-9.0056	-9.8946	-2
-9.0907	-9.5838	-2
-9.7181	-9.0406	-2
-9.0124	-9.8432	-2
-9.2644	-10.6774	-2
-9.4713	-10.8488	-2
-10.9899	-10.1418	-2
-10.9337	-9.6421	-2
-9.0332	-9.7445	-2
-9.0165	-9.8193	-2
-10.3038	-9.0473	-2
-10.7295	-10.684	-2
-10.4196	-10.9077	-2
-9.0509	-9.6849	-2
-9.4929	-9.1381	-2
-9.3149	-9.2716	-2
-10.5571	-9.1695	-2
-9.6715	-10.9445	-2
-9.0742	-10.3781	-2
-9.9744	-10.9997	-2
-9.3978	-9.2017	-2
-9.0503	-10.313	-2
-9.9363	-9.002	-2
-9.1268	-10.4874	-2
-10.555	-10.8318	-2
-10.4445	-10.8958	-2
-10.1548	-10.9879	-2
-9.0001	-9.9868	-2
-10.4715	-10.8819	-2
-9.769	-10.973	-2
-10.6982	-9.2841	-2
-10.4451	-9.1045	-2
-10.8155	-10.5788	-2
-9.0613	-9.6552	-2
-10.0016	-9.0	-2
-10.9067	-10.4218	-2
-9.0724	-10.3735	-2
-10.9721	-9.7654	-2
-9.8738	-10.992	-2
-10.9551	-9.7037	-2
-9.3772	-9.2176	-2
-9.4435	-9.1691	-2
-9.2487	-9.3401	-2
-10.3531	-9.0644	-2
-10.4878	-9.1271	-2
-10.8226	-10.5687	-2
-9.7789	-9.0248	-2
-9.4312	-10.8224	-2
-10.3623	-9.0679	-2
-9.4546	-10.8382	-2
-10.9842	-9.8227	-2
-9.15	-9.4732	-2
-9.0439	-10.293	-2
-9.044	-10.2933	-2
-9.3586	-10.7672	-2
-10.9935	-10.1139	-2
-10.3343	-10.9425	-2
-10.8377	-10.5461	-2
-9.8527	-9.0109	-2
-9.0487	-10.3084	-2
-9.448	-9.1662	-2
-10.6114	-9.2086	-2
-10.4504	-9.1072	-2
-10.4969	-9.1322	-2
-10.5236	-10.852	-2
-10.8675	-10.4975	-2
-9.3956	-9.2033	-2
-9.5453	-10.8907	-2
-9.152	-10.53	-2
-9.0805	-9.6069	-2
-10.9035	-9.5714	-2
-9.0406	-10.2819	-2
-9.2214	-10.6275	-2
-9.465	-10.8448	-2
-9.9867	-9.0001	-2
-10.8958	-10.4444	-2
-10.3911	-10.9203	-2
-10.9947	-10.1026	-2
-10.629	-10.7774	-2
-10.849	-9.4716	-2
-10.7042	-10.71	-2
-10.8589	-9.4878	-2
-9.2868	-9.299	-2
-9.2221	-10.6284	-2
-9.0	-10.006	-2
-10.7784	-10.6278	-2
-10.0456	-10.999	-2
-9.2509	-10.6625	-2
-10.8789	-9.523	-2
-9.6374	-9.0681	-2
-10.8008	-10.599	-2
-9.3016	-10.7157	-2
-10.914	-9.5943	-2
-10.6938	-10.7202	-2
-10.9203	-10.3913	-2
-10.5059	-10.8626	-2
-9.2557	-9.3321	-2
-9.5265	-10.8808	-2
-9.7854	-10.9767	-2
-9.0882	-10.4105	-2
-9.0388	-9.7241	-2
-9.4423	-9.17	-2
-10.0504	-10.9987	-2
-9.0199	-10.1987	-2
-9.7321	-9.0365	-2
-10.7893	-10.614	-2
-9.3353	-9.2529	-2
-10.3536	-10.9354	-2
-9.9546	-10.999	-2
-9.0353	-10.2634	-2
-9.0002	-9.9816	-2
-10.7499	-10.6616	-2
-9.2036	-10.6048	-2
-9.524	-10.8795	-2
-9.0443	-9.7056	-2
-10.2605	-10.9655	-2
-9.0037	-9.9137	-2
-9.7789	-10.9753	-2
-10.4604	-9.1123	-2
-9.6619	-10.9411	-2
-10.3521	-10.936	-2
-9.5813	-10.9081	-2
-9.5092	-9.1287	-2
-9.9655	-9.0006	-2
-10.0993	-9.0049	-2
-9.111	-10.458	-2
-10.9372	-10.3489	-2
-10.37	-9.071	-2
-9.6123	-10.9218	-2
-10.8255	-9.4355	-2
-9.0235	-9.7846	-2
-10.8732	-9.5127	-2
-9.1275	-10.4885	-2
-9.987	-9.0001	-2
-10.5222	-9.1472	-2
-10.9578	-9.7127	-2
-10.1512	-9.0115	-2
-9.1535	-10.5324	-2
-10.9416	-9.6634	-2
-10.0271	-9.0004	-2
-10.93	-9.6324	-2
-9.0269	-10.2305	-2
-9.6859	-10.9494	-2
-9.4197	-10.8144	-2
-10.1751	-10.9845	-2
-10.8987	-9.5615	-2
-10.8962	-9.5563	-2
-9.084	-10.4011	-2
-9.0821	-9.6033	-2
-10.0274	-10.9996	-2
-9.1636	-10.5481	-2
-9.4553	-10.8386	-2
-9.0161	-9.8215	-2
-9.0809	-9.6061	-2
-10.9987	-9.9494	-2
-9.9499	-9.0013	-2
-9.284	-9.3019	-2
-10.8361	-10.5486	-2
-10.7635	-10.6458	-2
-10.3899	-9.0791	-2
-9.1337	-10.4996	-2
-9.0562	-9.6696	-2
-9.0649	-10.3544	-2
-10.4486	-10.8937	-2
-10.8865	-9.5373	-2
-10.9245	-10.3811	-2
-9.1448	-10.5183	-2
-9.9581	-10.9991	-2
-9.1346	-10.501	-2
-9.0017	-10.0576	-2
-9.0002	-10.0219	-2
-10.9327	-9.6394	-2
-9.1683	-10.5552	-2
-10.4936	-10.8697	-2
-9.0834	-10.3998	-2
-10.9262	-10.3769	-2
-9.0539	-10.324	-2
-9.9154	-10.9964	-2
-9.6825	-10.9482	-2
-9.9729	-10.9996	-2
-10.9062	-10.4229	-2
-9.0047	-10.0973	-2
-9.3338	-9.2542	-2
-10.9968	-9.9204	-2
-10.9769	-9.7864	-2
-10.7351	-10.678	-2
-9.2272	-10.6347	-2
-10.4291	-10.9033	-2
-9.3073	-10.7213	-2
-9.1189	-9.527	-2
-9.0048	-10.098	-2
-9.8222	-9.0159	-2
-10.6516	-10.7585	-2
-10.4256	-9.0951	-2
-9.5486	-10.8923	-2
-10.719	-9.305	-2
-9.9168	-9.0035	-2
-10.9847	-10.1745	-2
-9.157	-10.538	-2
-9.9291	-9.0025	-2
-9.2175	-9.3774	-2
-9.0592	-10.3388	-2
-9.0986	-10.433	-2
-9.4565	-9.1606	-2
-10.4267	-10.9044	-2
-10.6147	-9.2112	-2
-10.8408	-10.5413	-2
-9.4716	-10.849	-2
-10.5498	-10.8353	-2
-9.5975	-10.9154	-2
-9.163	-9.4527	-2
-9.9194	-9.0033	-2
-9.0054	-9.8967	-2
-10.2373	-10.9714	-2
-9.3024	-10.7164	-2
-9.5121	-9.1271	-2
-9.2844	-10.6985	-2
-10.9882	-9.847	-2
-9.2142	-9.3815	-2
-9.8535	-9.0108	-2
-10.9735	-9.7712	-2
-9.4435	-9.1691	-2
-10.9425	-9.6659	-2
-10.0559	-9.0016	-2
-10.4985	-10.8669	-2
-10.9927	-10.1205	-2
-9.2205	-9.3736	-2
-10.9963	-10.0861	-2
-10.8636	-9.4958	-2
-9.1474	-10.5226	-2
-10.7659	-10.643	-2
-9.0012	-10.0483	-2
-9.0171	-10.1843	-2
-9.1881	-10.5839	-2
-10.2794	-10.9602	-2
-10.6473	-10.7623	-2
-9.661	-9.0592	-2
-9.6574	-9.0605	-2
-10.5169	-10.8561	-2
-9.2383	-9.3521	-2
-9.7662	-10.9723	-2
-9.4532	-10.8373	-2
-10.0083	-9.0	-2
-9.6072	-10.9196	-2
-10.2119	-9.0227	-2
-9.4507	-9.1644	-2
-9.92	-10.9968	-2
-10.9996	-10.0272	-2
-9.497	-10.8643	-2
-9.0067	-10.1156	-2
-9.5562	-9.1039	-2
-10.9332	-9.6406	-2
-10.1966	-10.9805	-2
-9.5755	-9.0946	-2
-9.6671	-10.9429	-2
-10.8929	-9.5496	-2
-10.5123	-9.1412	-2
-10.9043	-10.427	-2
-9.0607	-10.3431	-2
-9.7529	-9.031	-2
-10.1138	-10.9935	-2
-9.4586	-9.1592	-2
-10.8955	-9.5549	-2
-10.376	-10.9266	-2
-9.2013	-9.3982	-2
-10.8098	-9.4133	-2
-10.9869	-10.1615	-2
-10.9999	-10.0158	-2
-9.018	-9.8112	-2
-10.9911	-9.8666	-2
-9.8882	-10.9937	-2
-9.6423	-9.0662	-2
-10.0071	-9.0	-2
-10.7439	-10.6683	-2
-9.5023	-10.8674	-2
-10.4701	-10.8826	-2
-10.3445	-9.0612	-2
-9.1401	-10.5104	-2
-9.4958	-10.8636	-2
-10.3925	-9.0802	-2
-10.7955	-9.394	-2
-9.1378	-9.4934	-2
-9.3391	-10.7505	-2
-9.0777	-10.3865	-2
-10.9298	-9.6319	-2
-9.9078	-9.0043	-2
-10.9671	-10.2544	-2
-9.4727	-9.1503	-2
-10.923	-9.6151	-2
-10.9524	-10.3049	-2
-9.2262	-9.3666	-2
-9.0117	-9.8477	-2
-10.9429	-9.667	-2
-9.0998	-10.4355	-2
-10.83	-9.4422	-2
-10.9122	-10.4098	-2
-10.1302	-9.0085	-2
-10.9075	-9.5799	-2
-10.6957	-10.7183	-2
-10.6762	-9.2633	-2
-10.9489	-9.6844	-2
-9.0002	-9.9823	-2
-9.4023	-9.1983	-2
-10.2437	-9.0302	-2
-10.8498	-9.473	-2
-10.4608	-9.1125	-2
-10.4204	-10.9073	-2
-10.4579	-9.111	-2
-9.1688	-9.444	-2
-9.0078	-9.8753	-2
-9.154	-10.5332	-2
-9.0355	-10.2639	-2
-10.0091	-11.0	-2
-9.2438	-9.3457	-2
-10.7742	-9.367	-2
-9.153	-9.4684	-2
-10.9988	-10.0491	-2
-9.9088	-9.0042	-2
-10.0966	-10.9953	-2
-9.0485	-9.6925	-2
-10.2554	-10.9668	-2
-10.9859	-9.8327	-2
-10.954	-9.7002	-2
-9.3477	-10.758	-2
-9.0667	-9.6408	-2
-10.1361	-10.9907	-2
-10.2324	-10.9726	-2
-9.1243	-9.5171	-2
-9.0461	-10.3	-2
-10.1685	-10.9857	-2
-10.809	-9.4122	-2
-10.9899	-9.8586	-2
-9.3281	-9.2594	-2
-9.0619	-10.3462	-2
-9.3498	-9.2403	-2
-9.6018	-10.9173	-2
-10.8301	-10.5576	-2
-10.8191	-10.5737	-2
-9.0383	-10.2741	-2
-10.8469	-9.4683	-2
-10.3668	-9.0697	-2
-9.3757	-10.7812	-2
-10.9169	-10.3991	-2
-10.114	-9.0065	-2
-10.7236	-10.6902	-2
-10.8917	-10.4526	-2
-9.991	-9.0	-2
-11.0	-10.0077	-2
-9.0244	-9.7806	-2
-9.7641	-10.9718	-2
-9.491	-9.1392	-2
-10.2596	-9.0343	-2
-9.3336	-9.2544	-2
-10.8059	-10.592	-2
-10.5577	-10.83	-2
-10.0938	-9.0044	-2
-9.9086	-10.9958	-2
-10.5952	-9.1964	-2
-9.1742	-9.4361	-2
-10.2489	-10.9685	-2
-10.8185	-10.5746	-2
-9.8638	-10.9907	-2
-9.0216	-10.2067	-2
-9.0034	-9.9175	-2
-9.8778	-9.0075	-2
-9.0101	-10.1416	-2
-9.0684	-9.6366	-2
-9.5926	-9.0867	-2
-10.9455	-9.6744	-2
-9.8428	-10.9876	-2
-10.8673	-10.4978	-2
-10.8813	-10.4725	-2
-10.3877	-9.0782	-2
-10.1297	-9.0084	-2
-9.2148	-9.3807	-2
-9.3073	-9.2788	-2
-10.5159	-9.1434	-2
-10.1566	-10.9877	-2
-9.03	-10.243	-2
-10.0198	-10.9998	-2
-9.4638	-9.1559	-2
-9.1159	-10.4673	-2
-10.6116	-10.7912	-2
-9.0769	-10.3845	-2
-9.6211	-9.0746	-2
-9.8911	-9.0059	-2
-10.8656	-10.5007	-2
-9.0065	-10.1136	-2
-9.2394	-10.6492	-2
-10.3701	-10.929	-2
-10.062	-10.9981	-2
-9.6865	-10.9496	-2
-10.3062	-10.952	-2
-9.1939	-10.5917	-2
-10.8653	-9.4988	-2
-9.0037	-10.0862	-2
-9.5507	-9.1066	-2
-9.398	-10.7985	-2
-10.9771	-10.2127	-2
-10.9489	-9.6843	-2
-10.987	-9.8391	-2
-10.9178	-9.6029	-2
-10.7004	-10.7137	-2
-9.1372	-9.4945	-2
-9.1281	-10.4897	-2
-10.298	-9.0454	-2
-9.1866	-10.5818	-2
-10.1967	-9.0195	-2
-9.7863	-9.0231	-2
-10.3112	-9.0497	-2
-9.1426	-9.4853	-2
-9.0009	-10.042	-2
-10.9705	-9.759	-2
-9.3225	-9.2645	-2
-9.4225	-10.8164	-2
-9.2283	-9.364	-2
-10.0464	-9.0011	-2
-9.077	-9.6153	-2
-9.522	-9.1216	-2
-10.9266	-10.376	-2
-10.3557	-9.0654	-2
-10.1101	-9.0061	-2
-10.2257	-9.0258	-2
-10.9788	-10.2046	-2
-10.9832	-9.8175	-2
-9.0461	-10.3	-2
-9.588	-10.9112	-2
-9.0594	-9.6606	-2
-10.4844	-9.1252	-2
-9.1287	-10.4907	-2
-10.9183	-9.604	-2
-10.5919	-10.806	-2
-10.5443	-10.8389	-2
-10.6467	-10.7628	-2
-9.2092	-10.6121	-2
-10.4498	-10.8931	-2
-9.2114	-10.615	-2
-10.5469	-9.1628	-2
-10.515	-9.1428	-2
-9.2658	-10.6789	-2
-9.6452	-9.0651	-2
-9.4418	-10.8297	-2
-10.9194	-10.3934	-2
-9.0428	-10.2893	-2
-10.9998	-10.0217	-2
-10.9912	-9.8678	-2
-9.3482	-10.7584	-2
-10.7667	-10.642	-2
-9.0427	-9.711	-2
-9.2088	-10.6116	-2
-10.9683	-9.7502	-2
-9.196	-9.4053	-2
-10.7177	-10.6963	-2
-10.244	-10.9698	-2
-10.8656	-9.4992	-2
-10.9043	-9.5731	-2
-10.8605	-9.4905	-2
-10.719	-10.695	-2
-9.0006	-10.0339	-2
-10.0119	-10.9999	-2
-10.6026	-10.798	-2
-10.9631	-10.2691	-2
-10.5076	-9.1384	-2
-10.9877	-9.8435	-2
-9.0022	-10.0669	-2
-10.7773	-10.6291	-2
-10.8646	-10.5024	-2
-9.0	-9.9948	-2
-9.8147	-10.9827	-2
-9.9641	-9.0006	-2
-9.5145	-10.8742	-2
-10.1475	-9.0109	-2
-9.7878	-9.0228	-2
-10.3882	-10.9216	-2
-9.6789	-9.053	-2
-9.5102	-9.1281	-2
-9.5941	-9.0861	-2
-10.9028	-9.5699	-2
-9.3801	-10.7847	-2
-9.3233	-9.2638	-2
-9.4258	-9.1813	-2
-10.0478	-10.9989	-2
-10.9902	-10.1398	-2
-10.5994	-9.1996	-2
-9.5307	-9.117	-2
-10.2461	-10.9692	-2
-10.6515	-9.2414	-2
-9.0699	-10.3673	-2
-10.151	-9.0115	-2
-9.2262	-9.3666	-2
-10.1479	-9.011	-2
-10.4199	-10.9076	-2
-9.1298	-9.5073	-2
-9.4849	-10.8572	-2
-10.7623	-10.6473	-2
-9.4863	-9.142	-2
-9.0252	-9.7769	-2
-9.6223	-10.9259	-2
-9.9069	-10.9957	-2
-9.5768	-9.0939	-2
-10.4794	-10.8776	-2
-10.8949	-10.4463	-2
-11.0	-10.007	-2
-10.9459	-10.3245	-2
-9.4477	-9.1664	-2
-9.9381	-10.9981	-2
-10.4568	-9.1104	-2
-9.2304	-9.3615	-2
-10.9665	-10.2566	-2
-9.028	-9.765	-2
-10.1082	-10.9941	-2
-10.9088	-9.5828	-2
-9.5024	-9.1326	-2
-9.0497	-10.3113	-2
-10.4344	-9.0993	-2
-9.0547	-10.3262	-2
-10.4966	-9.132	-2
-10.9988	-10.0497	-2
-9.0113	-10.1497	-2
-10.9106	-9.5867	-2
-9.1185	-10.4722	-2
-10.4009	-10.9161	-2
-10.9822	-10.188	-2
-9.4788	-10.8535	-2
-10.4395	-10.8983	-2
-10.4822	-9.1239	-2
-9.9582	-10.9991	-2
-10.4811	-9.1233	-2
-10.5376	-10.8432	-2
-9.9393	-9.0018	-2
-9.9914	-9.0	-2
-9.7497	-9.0318	-2
-9.0385	-9.7254	-2
-10.3947	-9.0812	-2
-9.9804	-10.9998	-2
-10.7288	-10.6847	-2
-9.1543	-10.5336	-2
-10.2283	-10.9736	-2
-9.2248	-9.3682	-2
-10.4036	-9.0851	-2
-9.2071	-10.6094	-2
-9.2032	-9.3958	-2
-10.8512	-9.4752	-2
-10.83	-9.4422	-2
-10.9694	-9.7546	-2
-9.185	-10.5795	-2
-10.2979	-10.9546	-2
-9.0566	-10.3318	-2
-10.9791	-9.7967	-2
-9.5604	-9.1018	-2
-10.5092	-9.1394	-2
-10.1448	-9.0105	-2
-10.2489	-9.0315	-2
-9.7357	-10.9644	-2
-9.0064	-10.1129	-2
-9.7956	-10.9789	-2
-9.3418	-9.2471	-2
-9.1821	-9.4247	-2
-10.1382	-10.9904	-2
-10.313	-10.9497	-2
-9.0143	-10.1685	-2
-9.9058	-10.9956	-2
-9.2928	-9.293	-2
-9.0015	-9.9449	-2
-10.6521	-9.2418	-2
-10.8419	-9.4604	-2
-10.3438	-9.0609	-2
-10.9988	-9.9503	-2
-10.985	-10.1728	-2
-9.9169	-9.0035	-2
-9.3143	-9.2721	-2
-9.9947	-11.0	-2
-10.9157	-9.5982	-2
-9.7769	-9.0252	-2
-10.2984	-9.0456	-2
-10.4805	-9.123	-2
-9.143	-10.5153	-2
-9.4029	-9.1978	-2
-9.1507	-10.5279	-2
-9.5135	-10.8737	-2
-10.8184	-9.4254	-2
-10.114	-9.0065	-2
-10.9825	-9.8136	-2
-9.0053	-10.1033	-2
-9.9886	-10.9999	-2
-9.2989	-9.2869	-2
-9.0279	-10.2344	-2
-9.1269	-9.5125	-2
-10.4145	-10.9101	-2
-9.9482	-9.0013	-2
-10.7152	-9.301	-2
-9.5261	-10.8806	-2
-10.3093	-9.049	-2
-9.3908	-9.207	-2
-9.8856	-9.0066	-2
-9.0009	-10.0422	-2
-9.0865	-9.5932	-2
-9.0016	-9.9442	-2
-10.5514	-9.1658	-2
-10.0482	-10.9988	-2
-10.8708	-10.4917	-2
-9.7424	-9.0338	-2
-9.0065	-9.8866	-2
-10.0931	-9.0043	-2
-10.3736	-9.0724	-2
-9.008	-10.1266	-2
-10.996	-10.0898	-2
-10.8104	-9.4141	-2
-10.9153	-9.5973	-2
-9.1448	-10.5183	-2
-10.8076	-9.4103	-2
-9.0047	-10.0972	-2
-10.7133	-10.7009	-2
-9.4478	-9.1663	-2
-9.1104	-9.5433	-2
-10.8917	-10.4527	-2
-10.9799	-10.1994	-2
-10.4943	-10.8693	-2
-10.8558	-10.5173	-2
-10.5165	-10.8563	-2
-10.2123	-10.9772	-2
-9.8096	-9.0183	-2
-10.9895	-9.8554	-2
-10.9934	-9.8853	-2
-9.9992	-11.0	-2
-10.8139	-9.419	-2
-10.1812	-9.0166	-2
-10.0748	-10.9972	-2
-10.1006	-9.0051	-2
-9.2675	-9.3193	-2
-9.2913	-9.2945	-2
-10.5186	-9.145	-2
-10.0144	-10.9999	-2
-9.4773	-9.1475	-2
-10.853	-10.5219	-2
-9.0353	-10.2635	-2
-9.0075	-9.8779	-2
-9.2243	-10.6312	-2
-9.0741	-10.3778	-2
-9.9735	-10.9996	-2
-9.4534	-9.1626	-2
-10.9916	-10.1293	-2
-9.0053	-9.8976	-2
-10.9218	-9.6123	-2
-9.8049	-10.9808	-2
-9.6836	-10.9486	-2
-9.6333	-10.9303	-2
-9.0129	-10.1601	-2
-9.391	-9.2068	-2
-10.5151	-9.1429	-2
-10.6947	-10.7193	-2
-9.2879	-10.7021	-2
-9.1024	-9.5593	-2
-10.9856	-9.8311	-2
-9.9888	-9.0001	-2
-9.0415	-9.7149	-2
-9.7943	-10.9786	-2
-9.1764	-10.5671	-2
-9.964	-10.9994	-2
-9.0657	-9.6434	-2
-10.8808	-10.4735	-2
-9.0151	-9.8268	-2
-10.1454	-9.0106	-2
-10.7724	-9.3648	-2
-10.1072	-10.9942	-2
-9.675	-10.9457	-2
-10.9984	-10.0568	-2
-10.9348	-9.6449	-2
-9.9093	-9.0041	-2
-10.6268	-10.7792	-2
-9.0314	-10.2485	-2
-10.3841	-10.9233	-2
-10.5241	-10.8517	-2
-9.2543	-9.3337	-2
-11.0	-10.0047	-2
-10.739	-10.6737	-2
-10.7875	-9.3837	-2
-9.5301	-9.1173	-2
-9.531	-10.8832	-2
-10.9066	-10.4221	-2
-9.2456	-9.3435	-2
-10.2802	-9.0401	-2
-10.9957	-9.9077	-2
-9.9457	-9.0015	-2
-9.5305	-9.117	-2
-9.3311	-9.2567	-2
-10.4243	-10.9055	-2
-9.0386	-9.7249	-2
-9.995	-9.0	-2
-9.0005	-9.9686	-2
-10.0079	-9.0	-2
-9.0417	-9.7144	-2
-9.5498	-9.1071	-2
-10.4148	-9.0901	-2
-10.8316	-9.4446	-2
-9.9157	-9.0036	-2
-10.5738	-10.819	-2
-10.6393	-9.231	-2
-10.4361	-9.1001	-2
-9.1542	-10.5335	-2
-10.2407	-9.0294	-2
-9.9656	-9.0006	-2
-9.2043	-10.6057	-2
-9.019	-10.1939	-2
-9.7417	-9.0339	-2
-9.0844	-9.5978	-2
-10.3467	-9.062	-2
-10.1171	-10.9931	-2
-9.2724	-10.686	-2
-9.2561	-9.3317	-2
-10.9928	-9.8798	-2
-10.288	-10.9576	-2
-9.45	-9.1648	-2
-9.5634	-9.1003	-2
-9.2121	-10.6158	-2
-10.7026	-9.2884	-2
-10.1186	-9.0071	-2
-9.7195	-10.9599	-2
-9.0191	-9.8053	-2
-9.2892	-10.7034	-2
-10.0	-9.0	-2
-10.8525	-10.5227	-2
-9.2181	-10.6234	-2
-10.1761	-10.9844	-2
-9.4271	-10.8196	-2
-10.235	-10.972	-2
-10.5804	-10.8143	-2
-10.3709	-9.0713	-2
-10.9991	-9.958	-2
-9.0884	-10.411	-2
-9.9372	-10.998	-2
-9.9524	-9.0011	-2
-10.2014	-9.0205	-2
-9.1282	-9.5101	-2
-9.07	-9.6323	-2
-9.1179	-10.471	-2
-9.3243	-10.7372	-2
-10.9462	-9.6765	-2
-11.0	-10.0057	-2
-10.7023	-9.2881	-2
-10.612	-10.7908	-2
-10.52	-10.8542	-2
-9.0089	-10.1328	-2
-9.5593	-9.1023	-2
-10.3068	-10.9518	-2
-10.5539	-10.8326	-2
-9.8147	-9.0173	-2
-9.7767	-10.9747	-2
-9.4002	-9.1999	-2
-9.925	-9.0028	-2
-9.7993	-9.0204	-2
-9.0161	-9.8212	-2
-10.8983	-9.5607	-2
-9.6746	-9.0544	-2
-10.3328	-10.943	-2
-9.3213	-10.7344	-2
-10.9937	-10.1116	-2
-10.6316	-9.2247	-2
-10.7554	-9.3447	-2
-9.7424	-10.9663	-2
-10.8965	-9.5569	-2
-10.9985	-9.9453	-2
-10.2721	-9.0377	-2
-10.957	-9.71	-2
-10.9243	-9.6184	-2
-9.4222	-9.1838	-2
-9.8009	-10.98	-2
-10.6871	-9.2734	-2
-9.5327	-10.8841	-2
-10.1584	-9.0126	-2
-9.2512	-10.6628	-2
-10.7033	-9.2891	-2
-10.373	-10.9278	-2
-10.8522	-9.4768	-2
-9.7097	-10.9569	-2
-10.9986	-10.0536	-2
-10.9274	-9.6259	-2
-10.8544	-10.5196	-2
-10.9946	-9.8959	-2
-9.2927	-9.2931	-2
-10.2348	-9.028	-2
-9.8122	-9.0178	-2
-9.0947	-10.4247	-2
-10.1511	-10.9885	-2
-10.574	-9.1812	-2
-10.9899	-10.1416	-2
-9.6575	-9.0605	-2
-10.5747	-10.8184	-2
-9.1369	-9.495	-2
-10.364	-9.0686	-2
-10.8586	-10.5127	-2
-10.962	-10.2731	-2
-9.2004	-9.3994	-2
-9.2345	-9.3565	-2
-10.4475	-9.1057	-2
-9.8631	-9.0094	-2
-10.9031	-9.5705	-2
-10.9551	-9.7038	-2
-9.0083	-10.1287	-2
-9.0067	-9.8844	-2
-10.0676	-10.9977	-2
-10.9915	-10.1303	-2
-10.27	-9.0371	-2
-9.8594	-9.0099	-2
-9.0799	-10.3916	-2
-10.1491	-9.0112	-2
-10.9186	-9.6049	-2
-10.774	-9.3669	-2
-10.6361	-9.2284	-2
-10.9021	-10.4316	-2
-10.3446	-9.0613	-2
-9.8495	-10.9886	-2
-9.0001	-10.0159	-2
-10.998	-9.9371	-2
-10.4771	-9.1211	-2
-9.8951	-10.9945	-2
-10.771	-9.3632	-2
-9.2345	-10.6435	-2
-10.4085	-9.0873	-2
-9.0139	-10.1662	-2
-10.9085	-9.5822	-2
-11.0	-9.9996	-2
-9.026	-10.2266	-2
-10.9553	-10.2956	-2
-10.9055	-9.5757	-2
-10.2534	-10.9674	-2
-10.8987	-10.4386	-2
-10.8754	-10.4835	-2
-9.2514	-10.663	-2
-9.0005	-10.0327	-2
-9.8494	-10.9886	-2
-9.5198	-9.1228	-2
-9.5243	-10.8796	-2
-9.0788	-10.3892	-2
-9.4598	-9.1585	-2
-10.7385	-9.3257	-2
-9.5194	-9.1231	-2
-9.1382	-10.5073	-2
-10.8527	-10.5224	-2
-9.8766	-10.9924	-2
-10.1551	-10.9879	-2
-10.0855	-9.0037	-2
-9.0941	-9.5765	-2
-10.6739	-9.2612	-2
-9.3747	-9.2196	-2
-10.5297	-10.8482	-2
-10.6933	-9.2794	-2
-10.0565	-9.0016	-2
-10.6409	-9.2324	-2
-9.0321	-9.7485	-2
-10.6239	-10.7815	-2
-10.2684	-10.9633	-2
-10.8376	-9.4538	-2
-9.6857	-9.0507	-2
-9.0523	-9.6808	-2
-10.966	-9.7414	-2
-9.5151	-10.8746	-2
-9.2319	-9.3597	-2
-9.0718	-9.6279	-2
-10.4482	-9.1061	-2
-9.4383	-10.8273	-2
-10.4466	-10.8948	-2
-9.7044	-9.0447	-2
-10.2425	-9.0298	-2
-10.9785	-10.206	-2
-9.7581	-9.0297	-2
-10.2042	-9.0211	-2
-10.8337	-9.4477	-2
-9.8979	-10.9948	-2
-10.9991	-10.0425	-2
-9.5447	-9.1097	-2
-10.9643	-9.7352	-2
-10.7113	-10.7029	-2
-9.1462	-10.5207	-2
-9.0307	-9.7542	-2
-9.659	-9.0599	-2
-10.0167	-10.9999	-2
-10.9537	-9.6993	-2
-9.257	-9.3307	-2
-10.8698	-10.4933	-2
-9.632	-10.9298	-2
-10.9203	-10.3911	-2
-10.664	-10.7478	-2
-9.1788	-9.4293	-2
-9.0052	-10.1019	-2
-9.0189	-10.1936	-2
-10.8667	-10.4989	-2
-10.4861	-9.1261	-2
-10.957	-9.7101	-2
-10.7862	-10.618	-2
-10.7139	-9.2997	-2
-9.7163	-9.0411	-2
-9.0205	-10.2014	-2
-9.5887	-10.9115	-2
-10.7996	-10.6006	-2
-10.9111	-9.5878	-2
-9.0769	-9.6155	-2
-9.1604	-10.5431	-2
-10.3031	-9.0471	-2
-10.8174	-9.4239	-2
-9.6572	-10.9394	-2
-10.5609	-10.8279	-2
-9.2538	-10.6657	-2
-10.523	-9.1477	-2
-10.7777	-10.6287	-2
-10.5091	-9.1393	-2
-10.9791	-10.2034	-2
-10.6901	-10.7237	-2
-10.6331	-9.2259	-2
-10.0193	-9.0002	-2
-10.7264	-9.3127	-2
-9.9032	-10.9953	-2
-9.9283	-10.9974	-2
-9.6012	-9.083	-2
-10.7502	-10.6613	-2
-9.0897	-10.4139	-2
-10.6053	-9.204	-2
-10.9455	-9.6743	-2
-10.6095	-10.7928	-2
-9.0028	-10.0754	-2
-9.9041	-9.0046	-2
-10.7405	-10.672	-2
-10.5619	-9.1728	-2
-9.2777	-10.6916	-2
-9.0393	-10.2775	-2
-9.341	-9.2479	-2
-10.4476	-10.8943	-2
-10.119	-9.0071	-2
-10.9188	-9.6052	-2
-10.2874	-10.9578	-2
-9.8238	-10.9844	-2
-9.908	-9.0042	-2
-9.379	-9.2162	-2
-10.3669	-10.9303	-2
-10.9539	-9.7	-2
-9.7482	-9.0322	-2
-9.5424	-10.8892	-2
-9.0941	-9.5765	-2
-9.3884	-10.7912	-2
-10.8374	-10.5466	-2
-9.0162	-10.1795	-2
-9.001	-9.9562	-2
-9.2928	-9.293	-2
-10.4104	-9.0881	-2
-10.1576	-10.9875	-2
-10.0016	-11.0	-2
-10.9636	-10.2674	-2
-10.5416	-10.8406	-2
-9.4525	-9.1632	-2
-9.7	-10.9539	-2
-10.9833	-9.8181	-2
-9.104	-9.5559	-2
-10.9978	-9.9344	-2
-10.8352	-10.5499	-2
-9.0854	-10.4044	-2
-10.946	-10.324	-2
-10.9985	-10.0552	-2
-10.9221	-9.613	-2
-9.356	-10.7651	-2
-9.4148	-10.8109	-2
-10.3031	-9.047	-2
-9.187	-9.4177	-2
-10.4608	-9.1125	-2
-9.113	-10.4617	-2
-10.4804	-9.1229	-2
-10.9471	-10.3209	-2
-9.6033	-10.9179	-2
-9.3596	-9.2319	-2
-9.0001	-10.0151	-2
-9.2204	-9.3737	-2
-9.0146	-9.8299	-2
-9.1337	-9.5004	-2
-9.4897	-10.86	-2
-9.5456	-9.1092	-2
-9.7834	-9.0237	-2
-10.8926	-9.5492	-2
-9.3093	-9.2769	-2
-10.9992	-10.0396	-2
-9.0	-9.9991	-2
-10.8665	-10.4992	-2
-10.0002	-9.0	-2
-10.3661	-9.0694	-2
-10.7643	-10.6449	-2
-10.8973	-10.4415	-2
-10.2949	-9.0445	-2
-10.9153	-9.5972	-2
-10.7234	-9.3096	-2
-9.5629	-10.8994	-2
-10.0746	-9.0028	-2
-10.001	-11.0	-2
-10.5112	-9.1405	-2
-9.4855	-10.8575	-2
-9.9334	-10.9978	-2
-10.9521	-9.6942	-2
-10.8733	-10.4872	-2
-9.6051	-9.0813	-2
-9.9508	-9.0012	-2
-10.5304	-9.1523	-2
-10.7619	-10.6476	-2
-11.0	-9.9908	-2
-9.0601	-10.3413	-2
-10.5109	-10.8596	-2
-9.0769	-10.3845	-2
-10.1976	-10.9803	-2
-9.3695	-10.7762	-2
-10.8862	-10.4633	-2
-9.1853	-10.5799	-2
-10.0345	-10.9994	-2
-9.9262	-10.9973	-2
-9.1662	-9.448	-2
-9.0647	-9.6462	-2
-9.7654	-10.9721	-2
-10.6269	-10.7791	-2
-9.8691	-10.9914	-2
-10.3527	-10.9357	-2
-9.1223	-9.5208	-2
-9.8476	-10.9883	-2
-9.6916	-9.0487	-2
-9.2196	-9.3748	-2
-10.986	-10.1668	-2
-10.9686	-10.2488	-2
-9.1069	-9.5501	-2
-10.1721	-10.9851	-2
-10.8046	-10.5937	-2
-10.0972	-10.9953	-2
-9.0223	-9.79	-2
-9.4093	-10.8069	-2
-9.2289	-10.6367	-2
-10.9436	-10.331	-2
-10.6357	-10.7719	-2
-10.9489	-10.3156	-2
-10.9087	-10.4174	-2
-10.7107	-9.2965	-2
-9.0681	-9.6374	-2
-10.7626	-9.3531	-2
-9.5596	-10.8978	-2
-10.8192	-9.4265	-2
-10.9784	-10.2065	-2
-9.5074	-9.1298	-2
-10.0198	-10.9998	-2
-10.4621	-9.1132	-2
-9.0001	-10.0107	-2
-9.0114	-10.1504	-2
-10.7032	-9.289	-2
-9.0132	-10.1622	-2
-10.7703	-10.6377	-2
-9.7918	-9.0219	-2
-9.8757	-10.9922	-2
-10.1555	-9.0122	-2
-10.0892	-9.004	-2
-10.3672	-10.9301	-2
-9.0839	-10.4008	-2
-10.8768	-9.5191	-2
-9.6563	-9.0609	-2
-10.2908	-10.9568	-2
-10.6508	-9.2408	-2
-10.0635	-9.002	-2
-10.7043	-9.2901	-2
-9.0819	-9.6037	-2
-9.2034	-10.6045	-2
-9.1224	-9.5205	-2
-10.6823	-10.731	-2
-9.142	-9.4864	-2
-10.3552	-9.0652	-2
-9.1971	-9.4039	-2
-10.9725	-9.7671	-2
-9.3621	-9.2298	-2
-10.1303	-10.9915	-2
-10.6221	-10.783	-2
-9.1769	-10.5679	-2
-10.4059	-9.0861	-2
-10.7564	-9.3459	-2
-10.307	-10.9517	-2
-10.9706	-10.2405	-2
-10.9539	-9.6998	-2
-10.0218	-9.0002	-2
-9.0246	-10.2205	-2
-10.02	-9.0002	-2
-9.9679	-10.9995	-2
-9.4052	-9.1961	-2
-9.2418	-9.348	-2
-10.9735	-10.2286	-2
-9.0453	-10.2974	-2
-9.0165	-10.1809	-2
-10.991	-9.8659	-2
-9.5862	-9.0896	-2
-10.3531	-9.0644	-2
-10.7938	-10.6082	-2
-11.0	-9.9911	-2
-9.596	-9.0852	-2
-10.644	-9.2349	-2
-9.2282	-9.3641	-2
-9.2525	-10.6642	-2
-10.672	-9.2594	-2
-10.9935	-9.8858	-2
-9.3882	-10.7911	-2
-10.9161	-9.599	-2
-10.4652	-10.8852	-2
-9.8451	-10.9879	-2
-10.9974	-10.0716	-2
-10.986	-9.833	-2
-10.8501	-9.4733	-2
-10.9888	-9.8507	-2
-10.9934	-10.1147	-2
-9.8516	-9.0111	-2
-10.5573	-9.1697	-2
-10.9928	-9.8806	-2
-10.5496	-10.8354	-2
-9.9901	-9.0	-2
-9.108	-9.5479	-2
-9.0006	-9.9656	-2
-9.2865	-9.2993	-2
-9.9738	-10.9997	-2
-10.9954	-10.0955	-2
-10.5669	-9.1762	-2
-9.3469	-10.7573	-2
-10.8193	-10.5734	-2
-9.0664	-10.3584	-2
-9.0003	-10.0234	-2
-9.0076	-10.1227	-2
-10.8516	-10.5241	-2
-10.5988	-9.1991	-2
-10.951	-9.6908	-2
-9.7589	-9.0295	-2
-9.9261	-10.9973	-2
-9.1859	-10.5808	-2
-10.9266	-9.6239	-2
-10.1231	-10.9924	-2
-10.9619	-10.2736	-2
-10.3437	-10.9391	-2
-9.5892	-9.0883	-2
-10.0273	-10.9996	-2
-10.0	-11.0	-2
-10.9197	-9.6074	-2
-9.8699	-9.0085	-2
-9.0301	-9.7565	-2
-10.1309	-10.9914	-2
-10.8077	-9.4105	-2
-10.9593	-10.2825	-2
-9.0405	-10.2817	-2
-10.8036	-10.5952	-2
-10.7721	-10.6355	-2
-9.0643	-10.3528	-2
-9.9931	-11.0	-2
-10.9337	-10.3581	-2
-10.9066	-10.422	-2
-10.7502	-9.3388	-2
-10.8052	-9.407	-2
-10.6451	-9.2359	-2
-10.2839	-9.0412	-2
-9.0001	-10.0117	-2
-9.0172	-9.8151	-2
-9.0917	-10.4184	-2
-10.7308	-9.3174	-2
-10.2606	-10.9655	-2
-10.7232	-9.3094	-2
-9.6453	-10.935	-2
-9.1105	-10.4569	-2
-10.9591	-9.7171	-2
-9.4256	-10.8186	-2
-10.9825	-9.8136	-2
-10.0071	-9.0	-2
-10.0748	-10.9972	-2
-10.8529	-9.4779	-2
-9.0457	-9.701	-2
-9.0154	-10.175	-2
-9.2625	-9.3247	-2
-9.1544	-10.5338	-2
-10.9977	-10.068	-2
-9.1225	-9.5204	-2
-9.5922	-10.9131	-2
-10.7096	-10.7046	-2
-10.084	-9.0035	-2
-9.0055	-9.8953	-2
-9.0027	-9.9265	-2
-9.8709	-10.9916	-2
-9.8451	-9.0121	-2
-10.4125	-9.0891	-2
-10.2527	-9.0325	-2
-10.9167	-10.3995	-2
-10.6149	-9.2114	-2
-10.9617	-10.2742	-2
-9.014	-9.8335	-2
-10.917	-10.3989	-2
-10.6728	-9.2602	-2
-10.8382	-9.4546	-2
-10.6223	-10.7828	-2
-10.1153	-9.0067	-2
-9.2937	-10.7079	-2
-9.0099	-9.8597	-2
-9.0091	-9.8654	-2
-10.1949	-10.9808	-2
-9.9965	-9.0	-2
-10.4536	-10.8912	-2
-9.005	-10.1002	-2
-10.2751	-10.9614	-2
-9.4716	-10.849	-2
-10.9583	-10.2858	-2
-9.8536	-9.0108	-2
-9.6087	-10.9203	-2
-10.9687	-10.2482	-2
-10.3981	-9.0827	-2
-10.5714	-9.1794	-2
-9.0195	-9.8032	-2
-9.0035	-10.0832	-2
-9.5946	-10.9142	-2
-9.7843	-10.9765	-2
-10.999	-9.9553	-2
-9.0618	-10.346	-2
-9.8632	-9.0094	-2
-9.0708	-9.6305	-2
-9.0083	-9.8714	-2
-10.6668	-9.2547	-2
-9.1174	-9.5299	-2
-9.0065	-9.8858	-2
-10.8973	-9.5585	-2
-10.9697	-9.7555	-2
-10.895	-10.4461	-2
-10.8845	-9.5334	-2
-10.9832	-10.1827	-2
-9.2246	-9.3685	-2
-10.2802	-9.0401	-2
-9.9444	-9.0015	-2
-10.9191	-9.606	-2
-10.4682	-10.8836	-2
-10.4328	-9.0985	-2
-10.9935	-9.8866	-2
-9.9266	-10.9973	-2
-9.0496	-9.6889	-2
-9.557	-10.8965	-2
-9.1283	-9.5099	-2
-10.8948	-9.5536	-2
-9.8017	-10.9801	-2
-10.5431	-10.8397	-2
-9.2411	-9.3488	-2
-9.0017	-9.9425	-2
-9.082	-9.6035	-2
-10.6921	-10.7218	-2
-10.9363	-10.3511	-2
-9.1976	-10.5968	-2
-9.0161	-10.1789	-2
-9.0055	-10.1048	-2
-10.2885	-10.9575	-2
-10.8919	-9.5477	-2
-9.8179	-9.0167	-2
-9.5665	-10.9012	-2
-10.1147	-9.0066	-2
-10.5772	-9.1834	-2
-9.2933	-9.2925	-2
-10.8827	-9.5301	-2
-9.2456	-9.3436	-2
-10.2988	-9.0457	-2
-9.7803	-10.9756	-2
-9.0042	-10.092	-2
-10.004	-9.0	-2
-9.4614	-9.1574	-2
-9.4397	-10.8283	-2
-9.0005	-9.9688	-2
-10.3716	-10.9284	-2
-9.0175	-10.1861	-2
-10.9072	-9.5793	-2
-10.5451	-10.8384	-2
-9.4428	-10.8303	-2
-9.1693	-10.5567	-2
-9.7781	-9.0249	-2
-10.2583	-9.0339	-2
-9.9199	-9.0032	-2
-9.2265	-10.6338	-2
-10.1984	-10.9801	-2
-9.6808	-9.0523	-2
-10.0778	-10.997	-2
-10.6988	-10.7153	-2
-10.9995	-10.0328	-2
-9.0154	-9.8249	-2
-10.9949	-9.8996	-2
-9.2306	-10.6388	-2
-9.1126	-9.5391	-2
-10.8391	-10.5439	-2
-10.6396	-10.7687	-2
-10.9572	-10.2893	-2
-10.2263	-9.026	-2
-10.0769	-9.003	-2
-9.0049	-9.9009	-2
-9.5607	-9.1017	-2
-9.1407	-10.5114	-2
-9.0005	-9.9694	-2
-10.3343	-10.9424	-2
-9.6599	-9.0596	-2
-9.4382	-9.1727	-2
-9.3523	-9.2381	-2
-9.9835	-10.9999	-2
-10.5836	-10.8121	-2
-10.9963	-10.0864	-2
-9.0645	-10.3534	-2
-10.0195	-10.9998	-2
-9.5492	-9.1074	-2
-10.8886	-10.4586	-2
-9.5073	-10.8702	-2
-10.9171	-10.3987	-2
-9.7765	-10.9747	-2
-10.474	-10.8805	-2
-10.2286	-10.9735	-2
-9.0508	-9.6853	-2
-10.9925	-10.1223	-2
-9.2945	-9.2913	-2
-10.2052	-9.0213	-2
-9.1823	-9.4244	-2
-9.2951	-10.7093	-2
-9.0658	-9.6434	-2
-9.5895	-10.9119	-2
-9.931	-9.0024	-2
-9.9371	-9.002	-2
-9.3512	-9.239	-2
-10.9786	-9.7942	-2
-9.8112	-10.982	-2
-10.3209	-10.9471	-2
-9.0142	-10.1681	-2
-10.691	-10.7228	-2
-10.0747	-10.9972	-2
-9.7492	-9.032	-2
-9.0378	-10.2724	-2
-9.197	-10.596	-2
-10.9809	-10.1944	-2
-9.3924	-10.7942	-2
-10.6401	-9.2317	-2
-9.0095	-10.1374	-2
-9.0218	-10.2078	-2
-9.5768	-9.094	-2
-10.5506	-9.1652	-2
-9.7866	-9.023	-2
-9.9328	-10.9977	-2
-10.3292	-9.0557	-2
-10.1844	-10.9828	-2
-10.9172	-9.6016	-2
-10.2062	-10.9785	-2
-10.5508	-9.1654	-2
-9.0461	-9.6999	-2
-9.4265	-9.1808	-2
-10.9314	-9.636	-2
-9.307	-10.721	-2
-9.873	-9.0081	-2
-9.3552	-10.7644	-2
-9.3333	-9.2546	-2
-9.3141	-10.7277	-2
-9.2444	-9.3449	-2
-9.1089	-9.5461	-2
-9.6605	-9.0594	-2
-9.7789	-9.0248	-2
-9.0	-10.0026	-2
-9.0001	-9.9829	-2
-10.89	-10.456	-2
-9.4175	-10.8128	-2
-10.8657	-10.5005	-2
-9.316	-9.2705	-2
-9.648	-9.064	-2
-9.0252	-9.777	-2
-10.6042	-10.7969	-2
-10.7838	-10.621	-2
-9.6472	-10.9357	-2
-10.9864	-10.1642	-2
-9.1353	-9.4977	-2
-9.1516	-10.5294	-2
-10.8122	-9.4166	-2
-10.9576	-9.712	-2
-9.9878	-10.9999	-2
-9.8323	-10.9858	-2
-9.3659	-9.2268	-2
-9.2	-9.4	-2
-9.0288	-10.2383	-2
-9.2575	-9.3302	-2
-9.0	-10.0046	-2
-10.7204	-9.3064	-2
-9.4222	-10.8162	-2
-9.152	-9.47	-2
-10.4652	-10.8852	-2
-10.343	-9.0607	-2
-10.7824	-10.6228	-2
-9.6811	-10.9478	-2
-10.7487	-10.663	-2
-10.5875	-9.1907	-2
-10.785	-10.6195	-2
-9.9813	-9.0002	-2
-10.9946	-9.896	-2
-10.9996	-9.9724	-2
-10.4795	-9.1225	-2
-10.5556	-10.8314	-2
-9.6277	-10.9281	-2
-10.9992	-10.0402	-2
-9.8388	-9.0131	-2
-10.865	-9.4982	-2
-10.9083	-9.5817	-2
-9.3243	-10.7372	-2
-10.9475	-10.3197	-2
-10.6427	-9.2339	-2
-10.438	-9.101	-2
-10.7897	-9.3866	-2
-9.6977	-9.0468	-2
-9.6958	-9.0474	-2
-9.8647	-9.0092	-2
-10.9836	-9.8198	-2
-10.9826	-10.1858	-2
-9.9065	-9.0044	-2
-10.6297	-10.7768	-2
-9.1562	-9.4633	-2
-9.0269	-10.2306	-2
-10.8968	-9.5576	-2
-10.6632	-10.7485	-2
-10.9807	-10.1955	-2
-10.7107	-10.7035	-2
-10.9982	-9.9398	-2
-9.9355	-9.0021	-2
-10.8828	-9.5302	-2
-9.6914	-10.9512	-2
-10.6939	-9.2799	-2
-10.2556	-10.9668	-2
-9.035	-10.2621	-2
-10.287	-9.0421	-2
-10.3439	-10.939	-2
-9.5372	-10.8864	-2
-9.2079	-9.3896	-2
-9.749	-9.032	-2
-9.1453	-10.5192	-2
-10.3833	-10.9236	-2
-10.7144	-9.3003	-2
-9.0092	-9.8646	-2
-9.6319	-9.0702	-2
-9.001	-9.9544	-2
-9.8379	-9.0132	-2
-9.4604	-9.158	-2
-10.1315	-10.9913	-2
-10.968	-10.2509	-2
-10.4842	-9.1251	-2
-10.6911	-9.2773	-2
-10.0635	-10.998	-2
-10.9254	-10.3789	-2
-10.147	-10.9891	-2
-10.1663	-9.0139	-2
-9.2593	-9.3282	-2
-9.7393	-9.0346	-2
-9.5019	-9.1329	-2
-9.0216	-9.7931	-2
-10.5691	-10.8223	-2
-9.0487	-10.3084	-2
-10.9109	-9.5873	-2
-9.024	-9.7822	-2
-9.1946	-10.5928	-2
-10.9938	-9.889	-2
-9.2674	-10.6807	-2
-10.0688	-9.0024	-2
-10.8996	-10.4368	-2
-9.609	-9.0796	-2
-10.9916	-10.1297	-2
-10.9897	-9.8567	-2
-9.0	-10.0023	-2
-9.2176	-9.3772	-2
-10.3356	-10.942	-2
-10.7997	-10.6004	-2
-9.1848	-10.5791	-2
-9.5482	-10.8921	-2
-9.9251	-9.0028	-2
-9.4027	-9.198	-2
-9.7827	-9.0239	-2
-9.6735	-10.9452	-2
-9.4568	-10.8396	-2
-10.6445	-9.2354	-2
-9.8544	-9.0107	-2
-10.9977	-10.0673	-2
-9.0237	-9.7836	-2
-10.0226	-9.0003	-2
-9.1685	-9.4445	-2
-10.7333	-10.6799	-2
-9.978	-10.9998	-2
-9.0401	-9.7198	-2
-10.9931	-10.1177	-2
-9.6223	-9.0741	-2
-9.5342	-10.8849	-2
-9.191	-10.5878	-2
-10.8884	-9.5409	-2
-9.2382	-9.3521	-2
-10.2671	-9.0363	-2
-10.8256	-10.5642	-2
-10.3753	-9.0731	-2
-10.6757	-9.2628	-2
-10.9931	-9.8827	-2
-9.6741	-9.0546	-2
-10.9681	-10.2507	-2
-9.0409	-9.7169	-2
-9.1001	-9.5638	-2
-9.3753	-9.2192	-2
-10.9606	-9.7219	-2
-9.0274	-10.2324	-2
-10.8406	-9.4584	-2
-10.862	-9.4931	-2
-10.8792	-9.5236	-2
-9.8373	-10.9867	-2
-9.0562	-9.6696	-2
-9.7747	-10.9743	-2
-9.0706	-9.6309	-2
-9.0057	-9.8938	-2
-9.8029	-9.0196	-2
-9.8748	-10.9921	-2
-10.1586	-10.9873	-2
-10.4684	-9.1165	-2
-10.9717	-10.2362	-2
-10.6488	-10.7609	-2
-10.7042	-9.29	-2
-9.1565	-10.5371	-2
-10.9094	-9.584	-2
-10.678	-9.265	-2
-10.9808	-9.8048	-2
-10.9549	-9.7032	-2
-9.648	-10.936	-2
-10.8465	-10.5323	-2
-10.4445	-10.8958	-2
-9.2284	-9.3639	-2
-10.995	-9.9001	-2
-9.2365	-9.3542	-2
-9.9693	-9.0005	-2
-9.0256	-9.7751	-2
-10.5365	-9.1561	-2
-9.19	-9.4136	-2
-9.6562	-9.0609	-2
-9.3973	-9.202	-2
-9.436	-10.8258	-2
-10.9953	-10.0966	-2
-10.945	-9.6729	-2
-10.276	-10.9612	-2
-9.797	-9.0208	-2
-10.8644	-10.5028	-2
-9.9414	-9.0017	-2
-10.3003	-9.0461	-2
-9.2514	-9.337	-2
-9.0446	-9.7047	-2
-10.7784	-10.6278	-2
-9.4315	-10.8227	-2
-9.3514	-9.2389	-2
-10.9432	-9.6677	-2
-9.2596	-9.3278	-2
-10.8431	-10.5377	-2
-10.8097	-9.4132	-2
-10.6113	-10.7914	-2
-9.2196	-9.3748	-2
-10.1921	-9.0186	-2
-10.4815	-9.1235	-2
-9.0154	-9.8254	-2
-9.0968	-9.5707	-2
-10.5348	-10.845	-2
-10.9723	-10.2338	-2
-9.4629	-9.1565	-2
-10.3623	-9.068	-2
-9.7902	-10.9777	-2
-9.6637	-10.9418	-2
-10.1974	-9.0197	-2
-9.9311	-10.9976	-2
-10.9998	-9.9781	-2
-9.0396	-9.7212	-2
-9.2782	-9.3079	-2
-9.5714	-9.0965	-2
-10.9502	-9.6883	-2
-10.26	-9.0344	-2
-10.0656	-10.9978	-2
-9.7451	-9.033	-2
-10.986	-10.1666	-2
-9.0247	-10.2207	-2
-10.1273	-9.0081	-2
-9.2039	-10.6052	-2
-10.0812	-9.0033	-2
-10.1711	-10.9852	-2
-10.9595	-9.7183	-2
-10.9694	-9.7545	-2
-9.6756	-9.0541	-2
-9.232	-10.6404	-2
-9.404	-9.197	-2
-9.1777	-10.5691	-2
-9.1462	-10.5206	-2
-9.0003	-10.0226	-2
-10.77	-9.362	-2
-9.5414	-10.8887	-2
-9.1894	-9.4143	-2
-9.3056	-10.7196	-2
-9.7802	-10.9755	-2
-9.0564	-9.6688	-2
-10.5828	-9.1874	-2
-9.8219	-10.984	-2
-9.1068	-10.4496	-2
-9.9212	-10.9969	-2
-10.2714	-9.0375	-2
-10.983	-10.1838	-2
-10.8578	-9.4861	-2
-10.2989	-9.0457	-2
-10.1161	-10.9932	-2
-9.7186	-9.0404	-2
-9.3604	-9.2313	-2
-9.108	-10.4521	-2
-9.5881	-10.9112	-2
-9.9278	-9.0026	-2
-9.4192	-9.186	-2
-10.8863	-9.537	-2
-10.5824	-10.8129	-2
-9.7269	-9.038	-2
-9.7419	-9.0339	-2
-10.9968	-10.0793	-2
-10.8158	-9.4217	-2
-9.9596	-9.0008	-2
-10.9875	-9.8424	-2
-9.5969	-10.9151	-2
-10.8859	-9.5362	-2
-10.3143	-10.9493	-2
-10.688	-9.2743	-2
-10.9996	-9.9701	-2
-10.9519	-9.6935	-2
-10.5694	-9.1779	-2
-9.9758	-10.9997	-2
-10.7782	-10.628	-2
-10.7772	-10.6292	-2
-9.5648	-10.9003	-2
-9.4628	-9.1566	-2
-9.7572	-10.9701	-2
-10.5804	-9.1857	-2
-10.8991	-10.4378	-2
-10.664	-9.2523	-2
-9.8654	-9.0091	-2
-9.6349	-10.931	-2
-10.8879	-9.5399	-2
-9.0026	-10.072	-2
-9.4652	-10.845	-2
-9.378	-10.783	-2
-10.9998	-9.9786	-2
-9.3715	-9.2222	-2
-10.7623	-9.3528	-2
-9.3436	-10.7544	-2
-10.3633	-10.9317	-2
-10.93	-10.3676	-2
-10.9571	-9.7103	-2
-10.8584	-9.4871	-2
-10.8881	-10.4596	-2
-9.2231	-9.3703	-2
-10.7285	-9.315	-2
-9.3687	-10.7756	-2
-9.037	-9.7304	-2
-10.2144	-9.0233	-2
-9.4647	-9.1553	-2
-9.0468	-9.6977	-2
-9.046	-9.7001	-2
-10.9976	-9.9312	-2
-10.5019	-9.1351	-2
-9.6451	-9.0651	-2
-10.1081	-10.9941	-2
-10.9468	-9.6782	-2
-9.0028	-10.0744	-2
-10.9429	-9.667	-2
-10.8425	-9.4614	-2
-9.2072	-10.6094	-2
-9.392	-10.794	-2
-10.8868	-10.4621	-2
-10.5888	-10.8083	-2
-10.9983	-10.0588	-2
-10.93	-9.6325	-2
-9.3195	-9.2673	-2
-9.1761	-9.4333	-2
-9.2336	-10.6424	-2
-10.0836	-9.0035	-2
-10.9166	-10.3997	-2
-10.4564	-10.8898	-2
-9.3551	-9.2357	-2
-10.225	-10.9744	-2
-10.9546	-9.702	-2
-9.8992	-10.9949	-2
-9.0034	-9.9179	-2
-9.4584	-9.1593	-2
-9.3957	-10.7968	-2
-9.2418	-10.652	-2
-10.3359	-10.9419	-2
-9.0	-10.0009	-2
-9.9169	-9.0035	-2
-9.8621	-10.9905	-2
-9.3586	-10.7672	-2
-9.2611	-9.3262	-2
-10.0136	-9.0001	-2
-10.9994	-10.0359	-2
-10.3275	-9.0552	-2
-9.0	-10.0032	-2
-9.0372	-9.7298	-2
-9.5192	-9.1232	-2
-9.8798	-10.9928	-2
-9.0734	-9.6239	-2
-9.625	-9.073	-2
-10.0259	-10.9997	-2
-9.3006	-10.7147	-2
-9.5898	-9.088	-2
-9.9182	-10.9966	-2
-10.9554	-10.2954	-2
-10.1934	-10.9811	-2
-10.6866	-9.273	-2
-9.95	-10.9988	-2
-9.0385	-9.725	-2
-9.1402	-9.4893	-2
-10.7823	-9.3771	-2
-10.9768	-10.2142	-2
-10.9791	-10.2036	-2
-10.4045	-9.0855	-2
-9.0119	-10.1541	-2
-9.5128	-10.8733	-2
-10.7935	-9.3914	-2
-10.9993	-9.9638	-2
-10.6245	-10.7811	-2
-10.3891	-10.9212	-2
-9.0164	-10.1806	-2
-10.9288	-10.3707	-2
-9.1125	-10.4607	-2
-9.4255	-9.1815	-2
-10.722	-9.3082	-2
-10.9891	-10.1476	-2
-10.9459	-10.3243	-2
-9.0008	-9.9596	-2
-10.9424	-10.3344	-2
-10.7678	-10.6407	-2
-10.4896	-9.128	-2
-10.9205	-10.3908	-2
-10.9285	-10.3714	-2
-9.1449	-10.5184	-2
-10.1835	-10.983	-2
-9.7993	-10.9797	-2
-10.4416	-10.8972	-2
-10.89	-9.544	-2
-9.623	-9.0738	-2
-10.1002	-9.005	-2
-10.5812	-9.1863	-2
-10.9563	-9.7076	-2
-10.6471	-9.2376	-2
-9.0872	-9.5916	-2
-9.6427	-9.066	-2
-9.0746	-10.379	-2
-10.1577	-9.0125	-2
-10.4558	-10.8901	-2
-10.9505	-10.3108	-2
-9.3879	-9.2092	-2
-9.3728	-10.7789	-2
-10.995	-10.0994	-2
-9.3295	-9.2581	-2
-9.0725	-10.3739	-2
-10.3135	-10.9496	-2
-9.6899	-9.0493	-2
-9.112	-10.4599	-2
-10.3335	-9.0573	-2
-9.0665	-9.6414	-2
-10.9716	-9.7634	-2
-9.8048	-9.0192	-2
-9.6655	-10.9424	-2
-10.9404	-10.34	-2
-10.9932	-9.8833	-2
-9.0425	-10.2885	-2
-10.555	-10.8319	-2
-9.5144	-9.1258	-2
-9.8124	-9.0178	-2
-9.1151	-9.5341	-2
-9.7371	-9.0352	-2
-9.0871	-10.4083	-2
-9.3175	-9.2691	-2
-10.0278	-10.9996	-2
-10.0874	-9.0038	-2
-9.2824	-10.6965	-2
-10.4868	-9.1265	-2
-9.0348	-10.2614	-2
-9.0189	-10.1935	-2
-10.5563	-10.831	-2
-10.9608	-9.7227	-2
-10.9811	-9.8063	-2
-10.9372	-10.3488	-2
-9.7748	-10.9743	-2
-10.9174	-10.3981	-2
-9.1143	-10.4643	-2
-9.6906	-9.0491	-2
-10.9302	-9.633	-2
-10.9785	-9.7936	-2
-10.61	-10.7924	-2
-9.4003	-10.8002	-2
-10.8734	-10.4871	-2
-9.0137	-9.835	-2
-9.3248	-9.2624	-2
-9.0181	-10.1895	-2
-10.5483	-9.1637	-2
-10.318	-9.0519	-2
-10.6208	-9.216	-2
-9.0659	-10.3569	-2
-10.4738	-10.8806	-2
-9.6878	-10.95	-2
-9.3223	-10.7353	-2
-9.8196	-10.9836	-2
-9.0015	-9.9459	-2
-9.685	-9.0509	-2
-10.9453	-10.3262	-2
-9.8649	-10.9908	-2
-10.475	-9.12	-2
-10.6643	-10.7474	-2
-10.9815	-10.1913	-2
-9.8871	-10.9936	-2
-9.742	-9.0339	-2
-10.2987	-10.9543	-2
-9.9422	-10.9983	-2
-10.1077	-10.9942	-2
-10.505	-10.8631	-2
-9.6448	-9.0652	-2
-9.674	-10.9454	-2
-9.0876	-9.5907	-2
-10.9576	-10.2882	-2
-9.0253	-10.2237	-2
-10.8992	-10.4376	-2
-9.0261	-9.7731	-2
-10.9235	-10.3835	-2
-10.9257	-10.3783	-2
-10.958	-10.2868	-2
-9.1565	-9.4629	-2
-9.1414	-9.4874	-2
-9.3877	-9.2094	-2
-9.94	-10.9982	-2
-9.0003	-9.9763	-2
-10.1648	-10.9863	-2
-10.2829	-10.9591	-2
-10.977	-10.213	-2
-10.6836	-10.7298	-2
-10.2365	-10.9716	-2
-9.5319	-9.1163	-2
-9.3638	-10.7715	-2
-10.999	-9.9554	-2
-10.7748	-10.6322	-2
-9.3486	-10.7587	-2
-9.0	-10.0039	-2
-9.5337	-9.1154	-2
-9.0997	-10.4353	-2
-10.8288	-9.4404	-2
-9.4911	-9.1392	-2
-10.9803	-10.1973	-2
-10.2503	-10.9682	-2
-9.1337	-10.4995	-2
-9.1701	-10.5579	-2
-9.1188	-9.5273	-2
-9.9313	-9.0024	-2
-10.7052	-10.709	-2
-9.4116	-9.1914	-2
-10.7423	-9.33	-2
-9.2302	-10.6383	-2
-9.0205	-10.2017	-2
-10.7238	-10.69	-2
-9.4199	-10.8146	-2
-9.2248	-10.6317	-2
-10.2741	-9.0383	-2
-9.1578	-10.5392	-2
-9.8676	-10.9912	-2
-10.6022	-10.7984	-2
-9.0042	-9.9081	-2
-10.6874	-9.2737	-2
-10.0756	-9.0029	-2
-9.0699	-10.3672	-2
-9.2372	-9.3534	-2
-10.4628	-10.8864	-2
-10.3292	-9.0558	-2
-10.9573	-10.2892	-2
-10.3342	-9.0575	-2
-9.5433	-9.1104	-2
-10.9434	-10.3316	-2
-10.4801	-10.8772	-2
-9.4036	-9.1973	-2
-9.9203	-9.0032	-2
-9.2652	-10.6782	-2
-9.2489	-10.6601	-2
-10.762	-9.3524	-2
-9.3801	-10.7847	-2
-10.5194	-9.1455	-2
-9.9129	-10.9962	-2
-9.3562	-9.2348	-2
-10.9976	-9.9301	-2
-10.932	-10.3625	-2
-9.6114	-10.9214	-2
-9.2622	-9.325	-2
-10.6006	-10.7995	-2
-9.0122	-9.8446	-2
-9.8792	-10.9927	-2
-9.0509	-9.6849	-2
-10.0948	-9.0045	-2
-9.0354	-10.2637	-2
-9.36	-10.7684	-2
-10.3353	-9.0579	-2
-10.8759	-10.4825	-2
-9.0443	-10.2943	-2
-10.5213	-10.8534	-2
-10.9687	-10.2484	-2
-9.037	-10.2695	-2
-10.9569	-10.2905	-2
-9.1831	-10.5768	-2
-10.0877	-9.0039	-2
-9.5743	-10.9049	-2
-10.5849	-9.1889	-2
-10.995	-10.0999	-2
-10.8697	-10.4936	-2
-9.3427	-9.2463	-2
-9.9593	-9.0008	-2
-9.3033	-9.2826	-2
-10.3626	-10.932	-2
-10.8072	-9.4097	-2
-9.6261	-9.0725	-2
-9.3968	-10.7976	-2
-10.4223	-10.9064	-2
-9.3147	-9.2718	-2
-10.2696	-9.037	-2
-9.0262	-9.7726	-2
-9.8249	-9.0155	-2
-10.7467	-10.6652	-2
-10.9772	-9.7878	-2
-9.9981	-11.0	-2
-10.9931	-10.1169	-2
-9.0609	-10.3436	-2
-9.5591	-9.1025	-2
-9.8061	-10.981	-2
-10.5107	-9.1402	-2
-10.4307	-10.9025	-2
-10.133	-10.9911	-2
-9.4916	-10.8611	-2
-10.6126	-10.7904	-2
-10.0083	-11.0	-2
-10.8411	-10.5408	-2
-9.3103	-9.2759	-2
-9.5632	-9.1004	-2
-10.7728	-9.3654	-2
-9.0596	-10.3399	-2
-10.7851	-9.3807	-2
-10.874	-9.5141	-2
-9.1714	-10.5599	-2
-9.6742	-10.9454	-2
-10.9998	-9.982	-2
-10.6572	-10.7537	-2
-10.0804	-10.9968	-2
-9.0158	-10.1769	-2
-9.1425	-10.5145	-2
-10.5547	-9.1679	-2
-10.8775	-10.4796	-2
-10.9876	-9.8432	-2
-9.0632	-9.65	-2
-9.7716	-10.9736	-2
-9.2451	-9.3442	-2
-10.9959	-9.9095	-2
-9.0852	-9.5961	-2
-9.1074	-9.5491	-2
-9.24	-10.65	-2
-9.0272	-10.2319	-2
-9.7511	-9.0315	-2
-10.3643	-9.0687	-2
-9.7299	-10.9628	-2
-10.3636	-10.9316	-2
-9.0653	-9.6445	-2
-10.5402	-9.1584	-2
-10.8667	-9.5011	-2
-9.0736	-9.6234	-2
-10.9484	-9.6829	-2
-9.0026	-10.0718	-2
-10.7897	-10.6135	-2
-10.5006	-9.1343	-2
-10.9995	-9.9682	-2
-10.9857	-9.8316	-2
-10.9046	-10.4262	-2
-9.569	-9.0977	-2
-10.4607	-10.8876	-2
-9.9262	-10.9973	-2
-10.9431	-9.6674	-2
-10.957	-10.2902	-2
-10.3649	-9.069	-2
-9.2004	-10.6005	-2
-10.7692	-10.6391	-2
-9.0719	-10.3724	-2
-10.0779	-9.003	-2
-10.315	-10.9491	-2
-10.9794	-10.2021	-2
-9.4402	-9.1714	-2
-10.7919	-10.6107	-2
-9.1326	-9.5024	-2
-9.2253	-10.6324	-2
-10.7507	-10.6606	-2
-9.7946	-10.9787	-2
-10.3386	-10.9409	-2
-10.8301	-10.5576	-2
-9.0358	-10.2653	-2
-10.9211	-10.3894	-2
-10.6384	-9.2303	-2
-9.4589	-9.159	-2
-9.3716	-10.7779	-2
-9.0039	-10.0877	-2
-10.2988	-9.0457	-2
-10.3677	-9.07	-2
-10.4829	-10.8757	-2
-10.631	-9.2242	-2
-10.7776	-9.3712	-2
-9.1112	-9.5416	-2
-9.344	-10.7548	-2
-10.3611	-10.9325	-2
-10.0695	-10.9976	-2
-9.0236	-9.7838	-2
-9.1253	-9.5154	-2
-9.4497	-9.165	-2
-10.4306	-10.9025	-2
-10.8201	-10.5723	-2
-9.1128	-10.4614	-2
-9.0256	-10.2249	-2
-9.538	-9.1131	-2
-9.4165	-9.1879	-2
-9.6111	-10.9213	-2
-9.7813	-10.9758	-2
-10.9385	-9.6547	-2
-9.0061	-9.89	-2
-10.9979	-10.065	-2
-10.985	-9.8276	-2
-9.0035	-10.0837	-2
-9.6847	-9.051	-2
-9.6023	-9.0825	-2
-9.1745	-9.4355	-2
-9.019	-10.1941	-2
-10.2484	-9.0314	-2
-9.7955	-9.0211	-2
-9.021	-9.796	-2
-10.9888	-9.851	-2
-9.0535	-10.3228	-2
-9.0009	-9.9566	-2
-9.8964	-10.9946	-2
-10.9662	-10.2577	-2
-9.6689	-10.9436	-2
-9.0779	-9.6131	-2
-10.9704	-9.7586	-2
-10.2095	-10.9778	-2
-10.5511	-9.1655	-2
-9.1686	-9.4443	-2
-10.6019	-9.2015	-2
-9.6741	-9.0546	-2
-10.9584	-10.2853	-2
-10.6488	-10.7609	-2
-9.0092	-10.1353	-2
-10.9973	-10.0734	-2
-9.5407	-10.8883	-2
-10.7073	-10.7069	-2
-9.439	-10.8278	-2
-9.3	-9.2858	-2
-10.9397	-10.3421	-2
-9.4515	-10.8362	-2
-10.62	-10.7846	-2
-9.8929	-10.9942	-2
-10.8515	-10.5244	-2
-9.0009	-10.042	-2
-10.9692	-9.7539	-2
-10.6457	-9.2364	-2
-9.0071	-9.8807	-2
-9.0378	-9.7277	-2
-9.1657	-9.4488	-2
-9.8118	-9.0179	-2
-9.274	-10.6877	-2
-9.1427	-9.4852	-2
-10.8142	-9.4194	-2
-9.1497	-10.5264	-2
-10.129	-9.0084	-2
-9.0217	-9.7928	-2
-9.1482	-10.5239	-2
-9.0071	-10.1189	-2
-10.8345	-10.551	-2
-9.332	-9.2558	-2
-10.6949	-10.7191	-2
-10.6828	-9.2694	-2
-10.7942	-10.6077	-2
-9.7185	-9.0404	-2
-10.9562	-9.7074	-2
-10.1308	-9.0086	-2
-9.5293	-9.1177	-2
-9.2073	-10.6096	-2
-10.9909	-10.1348	-2
-9.0915	-9.582	-2
-9.6697	-10.9439	-2
-9.6905	-10.9509	-2
-9.6858	-10.9494	-2
-10.463	-10.8864	-2
-9.1204	-10.4757	-2
-9.3209	-9.266	-2
-9.3936	-10.7951	-2
-10.9997	-10.0234	-2
-9.6273	-10.928	-2
-9.6778	-9.0533	-2
-10.8438	-9.4634	-2
-10.8871	-9.5384	-2
-10.7419	-10.6705	-2
-9.0256	-10.2246	-2
-10.0031	-11.0	-2
-9.6551	-10.9386	-2
-9.6763	-9.0538	-2
-10.8344	-10.5512	-2
-10.9141	-9.5945	-2
-9.9629	-10.9993	-2
-9.6899	-9.0493	-2
-10.8558	-10.5173	-2
-10.0323	-9.0005	-2
-10.1001	-10.995	-2
-10.1499	-10.9887	-2
-10.5044	-9.1365	-2
-9.8435	-9.0123	-2
-10.1554	-9.0121	-2
-9.1049	-9.554	-2
-9.1071	-10.4503	-2
-9.6015	-10.9172	-2
-9.2904	-10.7046	-2
-9.8462	-9.0119	-2
-9.2469	-9.342	-2
-9.05	-10.3123	-2
-10.5902	-10.8072	-2
-9.0523	-10.3192	-2
-9.1127	-9.5388	-2
-9.0298	-10.2423	-2
-10.847	-9.4684	-2
-10.4339	-10.901	-2
-9.0413	-9.7156	-2
-10.6207	-10.784	-2
-9.1058	-9.5522	-2
-10.2468	-10.9691	-2
-9.0216	-9.7932	-2
-10.0358	-10.9994	-2
-10.4078	-10.9131	-2
-9.2559	-10.6681	-2
-10.8565	-9.4839	-2
-9.5498	-9.107	-2
-10.5489	-9.1641	-2
-9.4641	-9.1557	-2
-10.093	-10.9957	-2
-9.7763	-9.0253	-2
-9.3788	-10.7837	-2
-9.7736	-9.026	-2
-9.8073	-9.0187	-2
-10.3312	-9.0564	-2
-9.1808	-9.4265	-2
-10.7666	-9.3579	-2
-10.0647	-10.9979	-2
-9.2433	-9.3463	-2
-9.2926	-10.7069	-2
-10.0301	-9.0005	-2
-9.115	-9.5343	-2
-10.9942	-9.892	-2
-10.7483	-9.3367	-2
-9.3053	-10.7193	-2
-10.4712	-9.118	-2
-10.0265	-9.0004	-2
-9.2403	-10.6503	-2
-9.0972	-10.43	-2
-9.8543	-9.0107	-2
-10.6427	-9.2339	-2
-10.8064	-9.4087	-2
-10.6877	-9.274	-2
-9.1076	-10.4513	-2
-9.0092	-9.865	-2
-10.7014	-9.2872	-2
-10.8028	-10.5962	-2
-9.4263	-10.8191	-2
-9.1126	-10.4609	-2
-10.9726	-9.7675	-2
-9.1255	-9.5149	-2
-9.3899	-9.2077	-2
-10.3933	-9.0806	-2
-9.0447	-10.2958	-2
-10.9807	-9.8044	-2
-9.0621	-10.3468	-2
-10.8762	-9.5181	-2
-10.999	-10.0448	-2
-10.6668	-10.7452	-2
-9.0038	-10.0874	-2
-9.2469	-10.6579	-2
-10.8906	-9.5453	-2
-9.2477	-10.6589	-2
-10.5115	-10.8593	-2
-10.2923	-9.0437	-2
-10.2583	-10.9661	-2
-10.4035	-10.915	-2
-10.8694	-9.5058	-2
-9.43	-9.1783	-2
-9.4764	-9.148	-2
-10.9162	-9.5993	-2
-10.6918	-9.2779	-2
-9.3963	-10.7972	-2
-9.2893	-10.7035	-2
-10.9948	-10.1015	-2
-9.4651	-10.8449	-2
-9.0051	-10.1008	-2
-9.0985	-10.4329	-2
-9.8437	-10.9877	-2
-9.0625	-9.652	-2
-10.9186	-9.6048	-2
-9.0001	-10.0126	-2
-9.6012	-10.917	-2
-9.7659	-9.0278	-2
-9.9691	-10.9995	-2
-9.7738	-10.9741	-2
-9.3235	-10.7364	-2
-9.1688	-10.5559	-2
-9.0642	-9.6474	-2
-10.3422	-10.9396	-2
-10.8759	-9.5175	-2
-10.4747	-9.1199	-2
-9.5106	-9.128	-2
-9.4937	-10.8623	-2
-10.8611	-10.5085	-2
-9.0045	-10.0947	-2
-9.46	-9.1583	-2
-9.5626	-9.1008	-2
-10.7116	-9.2974	-2
-10.079	-10.9969	-2
-9.0252	-9.777	-2
-9.1118	-10.4595	-2
-9.0244	-9.7807	-2
-9.0003	-9.9773	-2
-10.8974	-10.4411	-2
-10.8343	-10.5513	-2
-10.1274	-9.0082	-2
-10.8143	-9.4195	-2
-10.4844	-9.1251	-2
-10.9943	-9.8936	-2
-10.7749	-9.3679	-2
-9.7225	-10.9607	-2
-10.9374	-9.6518	-2
-10.8996	-9.5632	-2
-10.73	-10.6834	-2
-9.5658	-9.0992	-2
-9.5906	-9.0877	-2
-9.3881	-10.791	-2
-9.2616	-9.3257	-2
-9.4154	-10.8113	-2
-9.0015	-10.055	-2
-10.6559	-9.2451	-2
-10.5022	-10.8648	-2
-9.1002	-10.4364	-2
-9.3541	-10.7634	-2
-9.0793	-10.3903	-2
-10.7474	-10.6644	-2
-10.8994	-10.4372	-2
-10.7878	-10.6159	-2
-9.5112	-10.8724	-2
-9.1735	-10.5629	-2
-9.7572	-9.0299	-2
-10.4674	-9.1159	-2
-9.62	-10.925	-2
-9.0471	-10.3033	-2
-9.0223	-9.7898	-2
-9.7896	-9.0224	-2
-10.8916	-9.5472	-2
-10.4542	-10.8909	-2
-10.1418	-9.0101	-2
-9.6284	-10.9284	-2
-9.1134	-9.5374	-2
-10.9833	-10.1819	-2
-10.3808	-9.0754	-2
-9.5721	-9.0962	-2
-9.0603	-9.6579	-2
-9.0944	-9.5759	-2
-9.1415	-10.5129	-2
-10.8079	-9.4107	-2
-9.0023	-9.9321	-2
-9.0025	-9.9291	-2
-10.886	-9.5364	-2
-9.0027	-10.0739	-2
-9.9492	-10.9987	-2
-9.8725	-10.9918	-2
-10.0104	-10.9999	-2
-9.5089	-9.1289	-2
-10.7481	-9.3364	-2
-9.09	-10.4147	-2
-10.9978	-9.9342	-2
-10.7479	-10.6638	-2
-10.2814	-9.0404	-2
-10.9997	-9.9769	-2
-9.0077	-9.8764	-2
-9.5342	-9.1151	-2
-9.2508	-10.6623	-2
-9.0533	-10.3221	-2
9.013	9.839	0
10.1554	10.9878	0
9.1745	9.4355	0
10.9758	9.7814	0
9.0367	10.2684	0
9.1342	9.4996	0
9.0	10.0086	0
9.0215	10.2065	0
9.0955	9.5736	0
10.748	9.3363	0
9.1255	10.485	0
9.6283	9.0717	0
10.222	10.975	0
10.6891	9.2753	0
9.8774	10.9925	0
10.6769	9.2639	0
9.1618	10.5453	0
10.7723	9.3647	0
10.541	10.841	0
9.339	10.7504	0
9.0092	9.8643	0
10.6791	10.734	0
9.4435	10.8309	0
9.4286	10.8206	0
9.0741	9.6223	0
9.8347	9.0137	0
10.2515	9.0321	0
9.3521	10.7617	0
10.9414	10.3373	0
9.0016	9.944	0
9.3393	10.7506	0
10.9234	10.3837	0
10.813	10.5822	0
9.4906	10.8605	0
9.031	9.7528	0
10.7038	9.2896	0
9.7506	9.0316	0
10.2637	10.9646	0
10.9092	10.4164	0
10.1867	10.9824	0
10.5515	10.8342	0
10.9142	9.5947	0
9.8292	10.9853	0
9.007	9.882	0
9.0034	9.9177	0
9.6352	10.9311	0
10.1931	9.0188	0
9.1572	10.5383	0
10.5155	9.1431	0
10.7631	10.6463	0
9.2915	9.2943	0
11.0	9.9927	0
9.5719	10.9037	0
9.5771	10.9062	0
10.9	9.5641	0
9.8199	10.9837	0
9.2295	9.3626	0
9.027	9.7693	0
9.0137	9.8349	0
10.9999	10.0106	0
9.4602	10.8418	0
10.9998	10.0183	0
10.3049	9.0476	0
9.177	10.568	0
10.8782	10.4783	0
10.9845	9.8246	0
9.1903	9.4131	0
10.9187	10.395	0
9.4171	9.1874	0
9.1804	9.4271	0
10.5941	10.8044	0
10.6842	9.2707	0
10.9751	10.222	0
10.3573	9.066	0
10.1952	10.9808	0
9.1757	9.4339	0
9.0981	10.4319	0
10.2225	10.9749	0
9.3598	9.2318	0
9.2774	9.3087	0
10.6932	10.7207	0
9.1288	9.5091	0
9.7442	9.0333	0
9.889	9.0062	0
10.6009	10.7993	0
10.4351	10.9004	0
10.6944	10.7196	0
10.3081	9.0487	0
9.3058	10.7197	0
10.9984	9.9432	0
10.5164	10.8563	0
10.9995	9.9677	0
9.0727	9.6257	0
9.2071	9.3907	0
10.0366	10.9993	0
9.3682	9.2249	0
10.6234	9.2181	0
10.9933	10.1157	0
9.9932	9.0	0
9.9829	10.9999	0
10.7001	9.286	0
9.1567	9.4626	0
9.3334	9.2546	0
10.345	9.0614	0
10.3463	9.0619	0
10.4701	9.1174	0
9.2015	9.398	0
10.7393	10.6733	0
10.3227	10.9465	0
9.7666	9.0276	0
10.8242	10.5664	0
10.1655	9.0138	0
9.4645	9.1555	0
11.0	10.0093	0
9.8152	9.0172	0
10.3328	10.943	0
9.247	9.342	0
9.8892	10.9938	0
9.7283	10.9624	0
10.896	9.5559	0
9.1745	9.4356	0
9.1637	10.5482	0
9.8882	9.0063	0
10.9513	9.6917	0
10.5139	9.1422	0
9.942	9.0017	0
9.0399	10.2797	0
9.4938	10.8624	0
9.2707	10.6842	0
9.1215	9.5222	0
10.8735	9.5131	0
10.4807	10.8769	0
9.9939	11.0	0
9.7921	10.9781	0
9.3303	9.2573	0
9.2028	9.3963	0
9.2963	9.2895	0
10.0333	9.0006	0
9.2673	9.3195	0
10.4914	9.1291	0
10.7952	10.6064	0
10.8876	9.5394	0
10.6307	10.776	0
10.4484	10.8938	0
9.0154	10.1749	0
9.3303	9.2574	0
10.9914	10.131	0
9.5765	9.0941	0
9.175	9.4349	0
10.9524	10.3049	0
10.9786	10.2057	0
9.9591	9.0008	0
10.0858	9.0037	0
9.5645	9.0998	0
9.0055	9.8956	0
10.2409	9.0294	0
9.0	10.0089	0
10.9856	9.8306	0
10.9785	10.2062	0
9.1739	10.5635	0
10.183	10.9831	0
10.6052	10.7961	0
9.9457	9.0015	0
10.9998	10.0202	0
9.0008	10.0389	0
10.5411	10.841	0
9.1824	10.5758	0
10.9712	9.7617	0
10.9401	9.6591	0
10.5338	9.1544	0
10.6499	9.24	0
9.265	10.678	0
10.9032	9.5707	0
10.9258	10.3781	0
9.4123	10.8091	0
9.1306	10.4942	0
10.1813	10.9834	0
9.0426	9.7112	0
10.8188	9.4259	0
9.0619	10.3464	0
10.9816	10.191	0
9.1081	9.5477	0
9.2312	10.6395	0
10.8481	9.4702	0
9.3496	10.7596	0
9.0105	10.1443	0
10.9894	10.145	0
10.4644	9.1144	0
10.6588	9.2476	0
10.9943	9.8937	0
10.8184	9.4254	0
10.1267	10.9919	0
10.649	9.2392	0
10.6375	10.7704	0
10.9635	10.2678	0
9.2865	9.2994	0
9.0277	10.2336	0
9.7274	10.9621	0
10.2822	9.0406	0
10.625	10.7807	0
10.999	10.0453	0
9.6695	9.0562	0
10.1439	10.9896	0
9.8883	10.9937	0
10.7933	10.6088	0
9.2105	10.6137	0
9.8629	9.0094	0
10.7965	9.3954	0
9.0341	10.2591	0
9.5971	9.0848	0
9.0163	9.8201	0
10.9838	10.1792	0
9.931	9.0024	0
10.746	9.334	0
10.1927	9.0187	0
10.823	10.568	0
9.189	9.4149	0
9.1859	10.5808	0
9.1638	9.4516	0
9.0236	9.7841	0
9.8259	9.0153	0
10.6961	9.282	0
10.7602	9.3503	0
9.1596	9.4581	0
9.9001	9.005	0
10.9129	10.4081	0
9.9577	10.9991	0
9.0397	9.7209	0
9.5785	10.9068	0
9.001	9.9554	0
9.1133	9.5377	0
9.3762	10.7816	0
9.0015	9.9456	0
9.0047	10.0964	0
10.7009	9.2867	0
10.9386	10.3449	0
10.8819	9.5285	0
10.1911	10.9816	0
9.4692	9.1525	0
10.8554	9.482	0
10.9171	9.6013	0
9.0766	10.3839	0
10.926	9.6224	0
9.0507	9.6855	0
9.8348	10.9863	0
9.6957	9.0474	0
10.7152	10.6989	0
10.4225	10.9064	0
9.5561	10.8961	0
10.4113	9.0885	0
10.3868	9.0779	0
10.964	10.266	0
10.758	10.6523	0
10.767	10.6416	0
9.0717	10.3718	0
9.0015	9.946	0
9.0047	10.0968	0
10.918	10.3965	0
10.0432	10.9991	0
10.8786	9.5224	0
10.2972	9.0452	0
9.0096	10.1385	0
9.9566	9.0009	0
10.8496	9.4726	0
9.6622	9.0588	0
9.9644	9.0006	0
9.2112	9.3854	0
9.0015	10.0543	0
10.1692	10.9856	0
10.2541	10.9672	0
10.7164	10.6977	0
10.7078	9.2936	0
10.6926	10.7213	0
10.2619	9.0349	0
10.5118	10.8591	0
9.7696	10.9731	0
9.0427	9.7107	0
10.9831	10.1828	0
10.9375	9.6519	0
10.89	10.456	0
9.5002	10.8661	0
10.7797	9.3739	0
9.1622	9.454	0
10.6308	9.2241	0
9.0038	10.0872	0
10.5357	10.8444	0
10.2642	9.0355	0
9.03	10.243	0
9.1388	9.4918	0
9.023	10.2134	0
10.9678	10.2516	0
9.476	10.8517	0
10.8032	9.4043	0
9.2039	9.3948	0
10.9276	9.6264	0
10.8475	10.5308	0
9.0289	9.7612	0
10.9791	10.2034	0
10.6304	10.7763	0
9.0104	10.144	0
9.5876	10.911	0
10.9558	10.294	0
9.4262	10.819	0
9.2405	9.3495	0
9.0262	9.7726	0
10.3121	9.0499	0
9.047	10.3028	0
10.6197	9.2151	0
9.0492	9.6903	0
9.1769	9.4321	0
10.3751	9.073	0
10.1461	9.0107	0
10.0286	10.9996	0
9.1156	9.5332	0
9.5469	10.8914	0
9.0474	10.3041	0
10.999	10.0448	0
9.4473	9.1666	0
9.0313	9.7518	0
9.2452	10.656	0
9.7774	9.0251	0
9.3805	9.215	0
10.8235	10.5673	0
9.8991	10.9949	0
9.2629	10.6757	0
10.7834	9.3785	0
9.6689	9.0564	0
10.6433	9.2344	0
10.954	9.7002	0
10.5209	9.1464	0
9.7431	10.9664	0
10.7754	10.6315	0
9.4691	9.1526	0
10.009	9.0	0
9.3251	9.2621	0
10.7779	9.3716	0
9.4673	9.1537	0
10.6829	10.7305	0
10.8275	9.4385	0
10.028	9.0004	0
9.2326	9.3589	0
10.6469	10.7626	0
10.9636	9.7325	0
10.305	10.9523	0
10.8667	9.5012	0
10.9992	10.0407	0
9.3107	10.7245	0
9.4609	9.1578	0
10.8466	10.5323	0
9.0108	9.8532	0
9.6196	10.9248	0
10.4824	9.124	0
9.6418	9.0663	0
9.4272	10.8197	0
9.2822	10.6963	0
9.4391	10.8279	0
10.8207	9.4287	0
10.3796	9.0748	0
10.9914	9.8693	0
10.2821	9.0406	0
9.1544	10.5338	0
9.3691	10.7759	0
9.8063	10.9811	0
10.568	10.8231	0
9.4679	9.1533	0
10.2715	9.0376	0
10.9905	10.1378	0
11.0	9.9992	0
10.9722	10.2341	0
10.9435	9.6686	0
10.9948	9.8983	0
10.7628	9.3534	0
10.57	10.8216	0
9.5326	10.8841	0
9.5627	10.8993	0
9.715	10.9585	0
9.1546	10.5342	0
10.9964	9.9146	0
9.0508	9.6854	0
9.5663	10.9011	0
9.9973	9.0	0
9.1113	9.5415	0
10.978	10.2088	0
9.0419	9.7137	0
9.7785	10.9752	0
9.9696	9.0005	0
10.1304	10.9915	0
10.9844	9.8243	0
9.7967	10.9791	0
10.595	10.8037	0
10.3447	10.9387	0
10.4533	10.8914	0
10.2405	10.9707	0
10.9906	9.8629	0
9.233	9.3583	0
9.5895	9.0882	0
10.9998	9.9779	0
10.8559	9.4829	0
10.7864	9.3823	0
9.5858	9.0898	0
10.9759	9.7816	0
9.7542	9.0307	0
10.7957	10.6057	0
9.597	9.0848	0
9.6823	10.9482	0
10.7929	9.3906	0
10.2772	9.0392	0
10.7027	10.7115	0
9.4588	9.1591	0
9.0667	10.3591	0
9.268	10.6813	0
10.8705	9.5078	0
9.1538	9.4671	0
10.8047	10.5937	0
10.4778	9.1215	0
9.1656	9.4489	0
10.6154	10.7883	0
10.2398	10.9708	0
9.639	9.0674	0
9.4002	10.8002	0
9.2791	10.693	0
9.2805	9.3055	0
10.9735	10.2287	0
10.9662	10.2578	0
9.739	10.9653	0
10.2913	9.0434	0
9.0255	9.7755	0
9.5015	10.8669	0
10.9636	10.2674	0
10.8634	9.4954	0
9.0118	9.8469	0
10.3018	9.0466	0
10.2907	10.9568	0
10.8639	10.5037	0
10.9566	9.7087	0
9.0	10.0009	0
10.7965	9.3953	0
10.0186	9.0002	0
9.0737	9.6231	0
9.318	10.7313	0
10.0062	9.0	0
9.9324	10.9977	0
9.6318	9.0702	0
9.3392	10.7506	0
10.1837	9.017	0
9.7604	9.0291	0
9.0171	9.8158	0
10.4086	9.0873	0
9.6966	10.9529	0
10.9453	9.6737	0
9.4347	10.8249	0
10.6881	9.2743	0
9.9071	9.0043	0
9.0007	10.0361	0
9.5651	9.0995	0
9.3255	9.2617	0
9.2217	9.372	0
9.4754	10.8513	0
10.9177	9.6028	0
10.9991	10.0415	0
9.2429	10.6533	0
10.5205	9.1461	0
10.8323	9.4456	0
9.2421	9.3476	0
10.5652	9.1751	0
10.7015	9.2873	0
9.9225	9.003	0
10.6538	9.2433	0
9.117	10.4693	0
9.0232	9.7856	0
9.2589	10.6714	0
9.8196	9.0164	0
10.547	9.1628	0
10.5157	9.1432	0
10.9134	10.407	0
10.9998	10.0198	0
9.2526	10.6644	0
9.4788	9.1465	0
10.1151	10.9934	0
9.2342	9.3569	0
10.9382	9.654	0
10.6459	9.2365	0
10.6531	10.7572	0
10.0951	9.0045	0
9.1963	9.4049	0
10.2917	10.9565	0
10.6114	10.7913	0
10.5495	9.1645	0
10.0945	10.9955	0
9.8892	10.9938	0
9.3293	10.7417	0
9.175	10.5652	0
9.0037	9.9135	0
10.6822	10.7312	0
9.0668	10.3593	0
9.3471	10.7574	0
10.8909	10.4542	0
10.929	10.3702	0
10.2293	9.0266	0
9.557	9.1035	0
10.7804	9.3748	0
10.8588	10.5123	0
9.0023	10.0683	0
10.9985	10.0554	0
9.3597	10.7681	0
9.0069	10.117	0
10.9979	9.9359	0
10.9996	9.9728	0
9.5152	9.1254	0
10.6517	10.7584	0
9.2729	10.6866	0
9.0822	9.6031	0
9.1111	10.4581	0
9.7486	9.0321	0
10.1903	10.9817	0
9.0784	10.3882	0
10.9669	9.7449	0
10.7225	9.3086	0
9.3951	9.2037	0
10.3382	10.9411	0
9.0302	10.2441	0
10.7167	10.6974	0
10.273	10.962	0
9.0465	9.6985	0
9.8545	10.9894	0
10.9373	10.3484	0
10.5081	10.8613	0
10.7962	10.6051	0
10.457	10.8895	0
9.0447	10.2955	0
9.1808	10.5735	0
9.8914	9.0059	0
10.6944	10.7196	0
10.585	10.811	0
9.5301	10.8827	0
10.8955	9.555	0
10.9091	9.5835	0
10.1199	10.9928	0
10.3846	10.9231	0
9.2472	10.6583	0
9.2113	10.6148	0
10.5739	9.1811	0
9.4774	9.1474	0
9.176	10.5666	0
10.8146	10.5801	0
9.3589	10.7675	0
10.3224	9.0534	0
9.0003	10.023	0
9.9368	9.002	0
10.7086	10.7056	0
10.0626	10.998	0
10.562	10.8271	0
9.388	10.7909	0
9.654	10.9382	0
10.1515	10.9884	0
9.7018	9.0455	0
10.9934	9.8849	0
9.9529	9.0011	0
9.0262	9.7725	0
9.2573	9.3304	0
10.9908	10.1354	0
9.0237	10.2162	0
9.9647	10.9994	0
10.9542	10.2993	0
9.1621	9.4542	0
9.0211	9.7957	0
10.8757	10.4829	0
9.8457	10.988	0
10.3482	9.0626	0
10.9886	9.8493	0
10.6454	9.2362	0
10.5257	9.1494	0
10.4165	9.0909	0
9.0502	9.6872	0
10.8785	9.5222	0
9.7191	9.0403	0
10.9933	9.8846	0
9.657	9.0607	0
9.0832	10.3994	0
9.0019	10.0619	0
10.0346	10.9994	0
10.178	10.984	0
9.2251	10.6321	0
9.2386	10.6482	0
10.6742	9.2614	0
10.1305	10.9915	0
9.8399	10.9871	0
10.5771	9.1833	0
9.1819	10.575	0
10.1208	10.9927	0
10.8949	9.5537	0
10.85	9.4732	0
9.4382	9.1727	0
9.1942	9.4078	0
10.8891	9.5424	0
9.1573	9.4616	0
10.8335	9.4474	0
10.8149	9.4204	0
10.7604	10.6495	0
10.8474	10.5309	0
10.9836	9.8195	0
9.047	9.697	0
9.9118	9.0039	0
10.3564	10.9343	0
9.2287	9.3635	0
9.6474	9.0642	0
9.0984	9.5674	0
9.0048	10.0976	0
9.8245	9.0155	0
9.9623	10.9993	0
10.9952	9.9023	0
9.5721	10.9038	0
10.0204	10.9998	0
10.8116	9.4158	0
10.9286	9.629	0
10.2394	9.0291	0
10.9382	10.3462	0
9.012	9.8455	0
10.064	10.9979	0
10.959	9.7167	0
10.2143	9.0232	0
9.4727	10.8497	0
10.4598	10.888	0
10.9994	10.0343	0
9.2516	10.6633	0
10.8593	10.5115	0
9.6359	10.9314	0
9.0079	9.8747	0
10.8668	9.5013	0
10.2144	9.0232	0
9.4861	10.8578	0
10.984	9.8219	0
9.881	9.0071	0
10.3439	9.061	0
10.7444	9.3322	0
10.6359	9.2282	0
9.5038	9.1318	0
10.2759	9.0388	0
9.3517	9.2386	0
9.3149	10.7284	0
9.6732	10.9451	0
10.3694	9.0707	0
9.2954	9.2904	0
10.9907	9.8639	0
9.7317	10.9633	0
9.4689	9.1527	0
10.1498	10.9887	0
10.9929	9.8809	0
9.4251	10.8182	0
10.9414	10.3372	0
9.7	10.954	0
9.0477	9.6949	0
9.5143	9.1259	0
9.1368	10.5049	0
10.905	10.4254	0
9.005	10.1002	0
10.5078	10.8615	0
10.8898	9.5437	0
10.8095	9.4128	0
10.4966	10.868	0
10.964	10.2659	0
9.8387	9.0131	0
10.0975	10.9952	0
9.7992	10.9796	0
10.5094	10.8605	0
9.637	9.0682	0
9.1339	9.5001	0
10.9933	9.8842	0
9.1064	9.5511	0
9.0356	10.2645	0
10.7837	10.6212	0
9.0603	9.6579	0
10.9064	9.5777	0
10.8399	10.5427	0
10.8996	10.4368	0
9.1355	10.5027	0
9.9742	9.0003	0
9.6456	9.0649	0
10.3573	10.934	0
9.7203	9.0399	0
9.0339	9.742	0
9.0077	10.1242	0
9.196	10.5947	0
9.0037	9.9138	0
10.8667	9.5012	0
9.0088	9.8674	0
10.9331	10.3597	0
10.8049	9.4066	0
10.1087	9.0059	0
10.763	10.6464	0
9.425	9.1819	0
9.1886	9.4156	0
9.5541	9.1049	0
9.1556	9.4643	0
10.6961	9.2821	0
10.6183	9.214	0
9.4925	9.1383	0
9.0965	9.5715	0
9.0025	10.0706	0
10.9987	9.9482	0
10.9376	10.3476	0
10.7572	10.6531	0
9.543	9.1105	0
10.9993	10.0375	0
10.3274	10.9449	0
9.6927	9.0484	0
10.9101	10.4143	0
10.9797	9.7994	0
9.9509	9.0012	0
9.0229	10.2128	0
9.0105	9.8556	0
10.9989	10.0471	0
10.9999	9.9891	0
9.4558	10.839	0
10.9929	9.8807	0
9.5323	9.1161	0
10.1692	10.9856	0
10.4975	9.1325	0
10.7342	10.6789	0
9.9866	10.9999	0
10.6312	10.7756	0
9.041	10.2835	0
10.9485	9.6833	0
9.8912	9.0059	0
10.3024	9.0468	0
10.6159	9.2122	0
10.8837	10.4681	0
9.4137	9.1899	0
9.0442	10.2939	0
10.74	9.3274	0
10.9791	9.7964	0
10.8963	9.5566	0
9.4936	9.1377	0
9.2385	10.6482	0
10.1431	9.0103	0
9.0306	10.2455	0
9.0979	10.4316	0
9.0648	10.3541	0
10.5684	10.8227	0
9.7168	10.9591	0
9.0792	10.3901	0
10.377	10.9262	0
10.7416	10.6708	0
9.0335	10.2568	0
9.1087	9.5466	0
9.4483	10.8341	0
10.9941	10.1086	0
9.0103	10.143	0
9.8388	10.9869	0
9.8678	10.9912	0
10.9997	10.0232	0
9.0434	10.2913	0
10.9972	9.9248	0
10.9511	9.691	0
9.0016	10.0564	0
9.3941	10.7955	0
10.439	9.1015	0
10.281	10.9597	0
10.1919	9.0186	0
10.968	10.251	0
10.3347	10.9423	0
10.804	10.5946	0
10.2462	10.9692	0
9.7598	10.9707	0
9.2932	9.2926	0
9.4006	10.8005	0
9.1016	9.5609	0
9.6608	9.0593	0
10.4907	10.8713	0
10.9876	9.8429	0
10.9856	9.8307	0
9.0697	9.6331	0
10.142	10.9899	0
10.9763	9.7836	0
10.5971	9.1978	0
9.0361	9.7339	0
9.1127	10.4612	0
10.9952	9.9019	0
9.0696	9.6336	0
10.6586	10.7525	0
10.4087	10.9127	0
9.615	9.0771	0
9.004	9.9108	0
9.4774	9.1474	0
10.8781	10.4786	0
9.5596	9.1022	0
10.9639	9.7336	0
10.9861	10.166	0
10.3959	10.9183	0
10.7881	9.3844	0
9.2126	9.3836	0
10.2884	9.0425	0
10.7125	9.2983	0
9.0648	9.6459	0
9.7957	9.0211	0
10.3899	9.0791	0
9.4318	10.8229	0
9.4494	10.8348	0
9.3985	10.7989	0
10.8753	10.4837	0
9.5955	10.9145	0
10.5136	9.142	0
10.9319	10.3628	0
10.8529	10.5222	0
10.2496	9.0316	0
9.6837	9.0513	0
9.7567	9.03	0
10.8752	9.5163	0
10.9933	9.8841	0
9.8018	10.9802	0
9.4677	10.8466	0
9.3476	10.7578	0
10.2177	9.024	0
10.3181	10.9481	0
9.873	9.0081	0
10.0128	10.9999	0
9.4337	9.1758	0
9.6071	10.9196	0
9.1631	10.5474	0
10.0731	9.0027	0
9.3615	10.7696	0
9.8143	10.9826	0
9.8731	10.9919	0
10.244	9.0302	0
10.9321	10.3623	0
10.8986	9.5613	0
10.9732	9.7698	0
10.0442	10.999	0
10.7096	10.7046	0
10.9859	10.1676	0
10.7689	9.3607	0
10.1256	10.9921	0
10.9573	10.2892	0
10.12	10.9928	0
9.1445	10.5178	0
10.4913	10.871	0
9.9725	10.9996	0
9.7249	9.0386	0
9.7785	9.0248	0
10.9916	9.8709	0
10.5655	9.1753	0
10.299	10.9542	0
9.0394	10.2779	0
10.7818	10.6236	0
10.4811	10.8766	0
10.9897	9.8571	0
9.1008	10.4375	0
9.0163	9.8201	0
9.1664	9.4477	0
9.9982	9.0	0
10.8806	9.5261	0
9.0816	10.3957	0
9.294	10.7082	0
10.998	10.0628	0
10.9894	10.1452	0
10.8633	10.5047	0
10.9136	10.4065	0
9.0885	9.5887	0
9.3928	9.2054	0
9.6078	10.9199	0
9.0133	9.8376	0
9.154	9.4668	0
9.0953	10.4261	0
10.9901	10.1405	0
9.0145	10.17	0
10.9728	9.7684	0
10.0216	10.9998	0
10.6969	10.7172	0
9.6924	10.9515	0
9.277	10.6908	0
10.7368	9.3239	0
9.3969	10.7977	0
9.0006	10.0355	0
9.5542	9.1049	0
10.8406	9.4583	0
9.6701	10.944	0
10.5541	10.8324	0
9.1963	10.595	0
10.5488	10.8359	0
9.1794	10.5716	0
10.6197	9.2151	0
9.3821	10.7863	0
10.6548	9.2442	0
10.995	9.9003	0
9.2424	9.3472	0
10.6077	9.2058	0
9.1815	10.5745	0
9.3029	9.283	0
10.9315	9.6363	0
10.6724	9.2598	0
9.4662	9.1544	0
9.9442	9.0016	0
10.4565	10.8897	0
10.9904	10.1383	0
9.2417	10.6519	0
9.0071	9.8811	0
10.5438	10.8392	0
10.9764	10.216	0
9.2138	9.3821	0
9.011	9.852	0
9.0185	10.1913	0
10.9993	10.0373	0
9.0161	10.1785	0
9.0334	9.7436	0
10.6544	10.7561	0
9.0468	9.6978	0
10.6991	10.715	0
9.6247	9.0731	0
9.5683	9.098	0
9.0001	10.0134	0
10.1469	9.0108	0
10.1799	9.0163	0
9.0002	9.981	0
10.133	9.0089	0
10.209	9.0221	0
10.9997	10.0259	0
10.9788	9.795	0
10.9313	10.3641	0
9.9729	10.9996	0
10.6149	10.7886	0
10.175	9.0154	0
10.175	10.9846	0
9.3606	10.7689	0
9.4573	10.8399	0
9.9975	9.0	0
10.7951	10.6065	0
10.9769	10.2137	0
10.6148	9.2113	0
9.1945	9.4075	0
9.3193	9.2674	0
9.4163	9.1881	0
10.853	9.4781	0
9.0003	10.0259	0
9.2235	10.6301	0
9.3014	10.7155	0
10.2601	10.9656	0
9.954	10.9989	0
10.2321	10.9727	0
9.257	9.3307	0
9.5691	10.9024	0
10.7564	10.6541	0
9.7846	10.9765	0
9.3555	10.7646	0
9.7067	10.956	0
10.2629	10.9648	0
9.3063	10.7203	0
10.2528	9.0325	0
10.5609	10.8279	0
10.0406	9.0008	0
10.9551	10.2964	0
10.9997	10.0263	0
9.0105	9.8558	0
10.8006	9.4008	0
9.616	10.9234	0
9.098	10.4318	0
10.6933	9.2794	0
10.0906	9.0041	0
10.4864	10.8737	0
9.0211	10.2042	0
9.0612	10.3446	0
9.4059	9.1956	0
10.9523	10.3051	0
10.369	9.0706	0
10.9098	10.415	0
9.1348	9.4987	0
9.4488	9.1656	0
10.6573	9.2463	0
9.7048	10.9554	0
9.5287	10.882	0
9.0863	9.5936	0
10.2034	10.9791	0
10.716	10.6981	0
9.2583	10.6707	0
9.6086	9.0798	0
9.0049	9.901	0
10.1063	10.9943	0
10.8708	10.4917	0
9.498	9.1351	0
10.9631	9.7308	0
9.567	9.0986	0
9.2458	9.3434	0
10.9484	9.6831	0
9.246	9.3432	0
10.9649	10.2626	0
10.4253	10.905	0
10.9053	10.4248	0
10.9211	10.3893	0
10.1416	10.9899	0
9.3174	9.2692	0
9.6333	9.0697	0
10.1419	9.0101	0
10.9996	9.9718	0
10.5765	9.1829	0
9.5371	10.8864	0
9.0498	9.6885	0
10.5666	10.824	0
9.4343	9.1754	0
9.104	10.444	0
9.0019	9.938	0
10.9992	10.0409	0
10.2122	10.9772	0
9.3832	9.2129	0
9.0358	9.7347	0
9.0757	10.3817	0
9.9894	9.0001	0
9.5227	9.1212	0
9.1615	10.5449	0
9.0086	9.8694	0
10.989	10.1481	0
9.183	10.5766	0
9.0584	9.6632	0
9.0187	9.8078	0
10.8221	9.4306	0
10.9693	9.7541	0
9.0041	10.0907	0
10.4052	9.0858	0
10.8713	10.4908	0
10.7585	10.6517	0
9.2445	9.3448	0
9.0594	9.6604	0
10.8084	9.4113	0
10.6572	10.7537	0
10.8939	10.4482	0
10.1816	10.9834	0
10.8651	9.4983	0
9.1552	10.5351	0
10.909	10.4168	0
10.4482	9.1061	0
9.0938	10.4229	0
9.7237	9.0389	0
10.6223	9.2172	0
10.4429	10.8966	0
9.3073	9.2788	0
9.0219	9.7917	0
10.5973	10.802	0
9.498	10.8649	0
9.0545	9.6743	0
10.4026	10.9154	0
10.2897	10.9571	0
9.0054	9.8962	0
9.4432	10.8306	0
10.3181	10.9481	0
10.4515	9.1077	0
10.8715	10.4904	0
9.1248	9.5162	0
9.0056	10.1059	0
10.0925	9.0043	0
10.9797	9.7994	0
10.9941	10.1083	0
10.4241	10.9056	0
10.9755	10.2202	0
10.7208	9.3069	0
9.8688	9.0086	0
10.8143	9.4196	0
10.8364	10.5481	0
9.659	9.0599	0
9.238	9.3524	0
9.3338	10.7458	0
10.3552	10.9348	0
10.1785	10.9839	0
9.1152	9.5341	0
10.9967	10.0809	0
9.4875	10.8587	0
9.0734	9.6241	0
10.5555	10.8315	0
9.0257	9.7748	0
10.8834	10.4687	0
9.9501	9.0012	0
9.0768	9.6156	0
9.0649	10.3544	0
9.377	9.2178	0
10.5171	10.8559	0
10.8082	10.5888	0
10.8552	10.5182	0
10.9967	9.9192	0
9.7758	10.9746	0
10.6501	10.7598	0
9.1366	10.5046	0
10.9829	10.1839	0
10.1312	10.9914	0
9.8039	10.9806	0
9.2865	10.7007	0
9.759	10.9705	0
9.0064	10.1126	0
10.9787	9.7946	0
9.6822	9.0518	0
10.8672	9.502	0
9.6532	10.9379	0
9.0768	9.6157	0
9.9548	9.001	0
10.9736	10.2284	0
10.7378	9.325	0
9.092	10.4191	0
9.7871	9.0229	0
10.2798	9.0399	0
9.0013	9.9498	0
10.9588	9.7158	0
9.461	10.8423	0
10.8924	10.4512	0
10.7366	10.6763	0
9.0559	9.6702	0
9.4258	9.1813	0
9.0326	10.2534	0
9.0769	9.6155	0
10.7115	9.2973	0
9.778	9.025	0
10.9675	9.747	0
10.244	9.0302	0
9.0799	9.6083	0
9.0004	9.9701	0
10.6726	9.26	0
10.9306	9.6339	0
10.2111	9.0225	0
9.0154	9.8254	0
10.1879	9.0178	0
9.4534	9.1626	0
10.5274	10.8496	0
9.1657	9.4488	0
9.0033	10.0814	0
9.024	9.7824	0
10.5569	10.8306	0
10.9033	9.571	0
9.638	10.9322	0
9.6915	9.0488	0
10.6535	10.757	0
9.1727	10.5618	0
9.9882	9.0001	0
9.9319	9.0023	0
10.7568	10.6537	0
9.0024	10.0686	0
10.5588	10.8293	0
9.6585	9.0601	0
9.206	9.3921	0
10.09	10.9959	0
10.6699	10.7425	0
9.5046	10.8686	0
10.859	10.5119	0
10.6102	10.7922	0
10.9913	9.8681	0
10.0259	10.9997	0
9.1499	9.4734	0
9.0127	10.1592	0
9.2998	10.714	0
10.4253	9.0949	0
10.3919	10.92	0
9.4912	9.1391	0
10.9675	10.2529	0
10.7214	9.3075	0
9.768	9.0273	0
10.0398	10.9992	0
10.6918	9.2779	0
10.3131	10.9497	0
9.105	10.4461	0
10.7548	10.656	0
10.9387	9.6552	0
10.8834	9.5314	0
10.2419	9.0297	0
10.9832	9.8177	0
10.7994	10.6008	0
10.1645	9.0136	0
9.5193	9.1231	0
10.9997	9.9757	0
10.2871	10.9579	0
9.0433	10.291	0
10.9102	9.5858	0
9.2302	10.6383	0
10.6042	10.7968	0
10.2127	10.9771	0
10.9122	9.5904	0
10.5095	9.1396	0
9.3901	10.7925	0
10.4222	10.9065	0
9.8682	10.9913	0
9.3199	10.7331	0
9.074	9.6224	0
10.9598	9.7194	0
10.7939	9.3919	0
9.138	9.4931	0
9.0223	10.2101	0
10.5492	9.1643	0
10.8523	9.477	0
9.0607	10.343	0
10.2148	9.0234	0
10.2875	10.9578	0
9.1759	10.5665	0
10.2876	10.9577	0
9.1536	9.4674	0
9.0013	10.0515	0
10.9987	10.0508	0
9.996	11.0	0
10.674	10.7387	0
9.0011	10.0478	0
9.4431	10.8306	0
10.2859	10.9583	0
9.7138	9.0418	0
9.9359	9.0021	0
9.0111	10.1483	0
9.0	10.0087	0
10.3825	9.076	0
9.0898	10.4141	0
9.4167	10.8123	0
9.4986	10.8652	0
9.1152	10.466	0
9.2385	9.3518	0
9.0029	10.0755	0
9.5413	9.1114	0
9.2881	9.2977	0
10.9991	9.9582	0
9.0198	9.802	0
9.0	10.0007	0
10.8839	9.5323	0
10.5842	9.1884	0
9.1938	10.5916	0
9.5544	10.8952	0
10.936	10.3521	0
9.0389	9.724	0
9.1825	9.424	0
9.0251	9.7774	0
9.6069	10.9195	0
9.7846	10.9765	0
10.9987	9.9484	0
10.459	9.1115	0
10.9802	9.8017	0
10.9984	9.944	0
9.2645	9.3225	0
10.202	10.9794	0
10.1023	10.9948	0
10.143	9.0103	0
10.7999	9.3999	0
9.4802	9.1457	0
10.3542	10.9352	0
9.1525	9.4692	0
10.9127	10.4087	0
10.3713	10.9285	0
9.1861	9.419	0
10.0068	9.0	0
9.266	9.3209	0
10.6138	9.2105	0
10.9693	10.246	0
10.6676	10.7445	0
10.1537	9.0119	0
9.0008	9.9598	0
10.6996	10.7146	0
9.3965	9.2027	0
9.2732	9.3132	0
10.9355	10.3533	0
10.8012	9.4017	0
9.4487	10.8343	0
9.0791	10.3898	0
9.6987	9.0465	0
10.363	10.9318	0
9.27	10.6835	0
9.0107	9.854	0
10.1865	9.0176	0
10.6227	10.7825	0
9.2973	10.7115	0
10.0334	10.9994	0
9.8666	10.9911	0
9.5569	10.8965	0
9.469	9.1527	0
9.161	9.4559	0
10.7212	9.3073	0
9.0024	9.9305	0
10.6945	10.7195	0
9.4661	9.1545	0
9.3428	10.7538	0
9.0149	10.1718	0
10.9843	9.8232	0
10.8274	9.4385	0
10.2806	9.0402	0
10.9657	9.7403	0
9.4069	10.8051	0
9.1726	9.4384	0
9.2093	9.3878	0
9.2002	10.6002	0
10.1287	9.0083	0
9.172	9.4392	0
10.8731	10.4876	0
9.4288	10.8208	0
9.5888	10.9115	0
9.965	9.0006	0
10.5095	10.8605	0
10.7739	10.6333	0
9.5684	10.9021	0
10.2709	10.9626	0
10.0671	9.0023	0
10.9757	10.2193	0
9.0266	9.7711	0
9.8152	9.0172	0
10.8792	9.5236	0
9.6026	10.9177	0
10.5501	9.1649	0
10.8964	10.4432	0
10.8435	9.4628	0
9.2532	10.6651	0
10.5666	10.824	0
10.9997	9.9736	0
9.1581	9.4603	0
9.3378	10.7494	0
9.1154	10.4664	0
9.1088	10.4536	0
10.5299	9.1519	0
9.3091	10.7229	0
10.9918	9.8725	0
9.0722	10.3731	0
10.9532	10.3022	0
10.4933	9.1302	0
10.994	9.8904	0
10.8644	9.4972	0
9.2309	9.3609	0
10.9969	9.9216	0
9.8662	10.991	0
9.2297	10.6377	0
9.0465	10.3013	0
9.1272	10.4881	0
10.7473	10.6645	0
9.6989	9.0464	0
10.222	10.975	0
10.9462	10.3237	0
9.6472	10.9357	0
10.5357	10.8444	0
9.1553	10.5352	0
10.7737	10.6335	0
9.0001	9.9855	0
10.9212	9.6109	0
9.2031	9.3958	0
9.3673	10.7744	0
10.9122	9.5903	0
9.9121	10.9961	0
9.0107	10.1457	0
9.4988	10.8654	0
10.9267	10.3759	0
10.9993	9.9627	0
9.3675	9.2254	0
9.1298	10.4928	0
9.5435	10.8897	0
10.9204	9.609	0
9.9411	10.9983	0
10.252	9.0323	0
10.1438	9.0104	0
9.6704	10.9441	0
9.002	9.9375	0
10.9981	9.9376	0
10.0542	10.9985	0
10.495	9.1311	0
9.3109	10.7246	0
10.5719	9.1797	0
10.9356	10.3532	0
9.0371	9.73	0
10.9872	10.1594	0
9.0949	9.5747	0
9.9097	10.9959	0
10.0639	9.002	0
10.4098	9.0878	0
9.3732	10.7792	0
10.8917	9.5474	0
10.3163	10.9487	0
9.9617	9.0007	0
9.1472	10.5222	0
9.3561	9.2349	0
10.0463	9.0011	0
9.9957	9.0	0
10.9463	10.3232	0
10.0973	9.0047	0
10.8935	9.551	0
9.0109	10.1471	0
9.5251	9.12	0
9.632	9.0702	0
10.9972	10.075	0
9.0027	10.074	0
10.0336	10.9994	0
10.436	9.1001	0
10.1997	10.9799	0
10.8669	10.4986	0
10.9356	9.647	0
10.3601	9.0671	0
9.5921	10.913	0
9.9938	11.0	0
9.1358	10.5031	0
10.4375	9.1008	0
10.7692	10.639	0
10.9605	10.2784	0
10.2918	10.9565	0
9.1692	10.5566	0
10.4319	10.9019	0
10.9801	9.8016	0
10.8023	10.5969	0
10.3486	10.9373	0
10.0615	10.9981	0
9.3366	10.7482	0
10.7884	9.3848	0
9.0	10.0009	0
9.0361	9.7339	0
10.1614	9.0131	0
10.8757	10.4829	0
9.3698	9.2236	0
9.0742	9.6221	0
9.0521	10.3187	0
10.5838	9.1881	0
9.1935	10.5912	0
9.7266	10.9619	0
10.1126	9.0064	0
10.1827	10.9832	0
9.0015	10.0553	0
10.6132	10.79	0
9.2404	9.3496	0
10.3232	9.0537	0
10.9576	10.288	0
9.637	9.0682	0
10.3506	10.9365	0
10.564	9.1742	0
10.71	9.2958	0
10.444	9.104	0
9.0	10.0055	0
10.4221	9.0934	0
10.2488	10.9685	0
9.3529	10.7624	0
10.7676	9.3591	0
9.0005	10.0306	0
10.9993	9.962	0
9.0071	9.8811	0
9.0232	10.2141	0
9.0611	9.6559	0
10.9954	10.0958	0
10.1661	10.9861	0
9.2004	9.3995	0
9.5443	9.1098	0
10.9995	9.9682	0
9.0388	9.7241	0
10.6936	10.7204	0
10.9487	9.6838	0
10.2744	9.0384	0
9.4166	9.1878	0
10.8885	9.541	0
9.1428	10.5149	0
10.0443	10.999	0
10.9952	10.0978	0
10.4147	10.91	0
10.0503	10.9987	0
10.3503	10.9366	0
9.844	10.9878	0
9.5203	9.1226	0
10.756	10.6545	0
9.5235	10.8792	0
10.9404	10.3401	0
10.4175	10.9087	0
10.8556	10.5176	0
9.0429	10.2897	0
10.126	10.992	0
9.2031	9.3959	0
9.0423	9.7123	0
9.2266	9.3661	0
10.9255	10.3787	0
9.5716	9.0964	0
10.038	10.9993	0
9.4247	10.8179	0
9.3471	10.7574	0
9.9872	9.0001	0
10.1611	9.0131	0
9.4504	10.8354	0
10.935	9.6454	0
10.794	10.608	0
9.9976	9.0	0
10.9954	9.9044	0
9.4444	10.8314	0
9.1502	9.4729	0
10.4586	10.8886	0
10.5316	9.153	0
9.113	9.5382	0
9.0105	9.8556	0
9.1662	10.5521	0
10.0951	9.0045	0
9.3285	10.741	0
10.4519	9.1079	0
10.8782	9.5217	0
10.9973	9.9268	0
9.3945	10.7959	0
10.6366	10.7712	0
9.0133	9.8373	0
9.798	10.9794	0
10.7253	10.6884	0
10.1215	10.9926	0
9.1949	9.4069	0
9.5295	10.8824	0
9.1748	10.5649	0
9.4762	10.8518	0
10.833	9.4467	0
10.8383	9.4548	0
9.919	10.9967	0
9.3034	10.7174	0
10.0127	10.9999	0
10.9989	9.954	0
10.9843	9.8238	0
10.2764	9.039	0
9.1056	10.4472	0
9.4897	10.86	0
9.1195	10.4741	0
10.9869	10.1614	0
10.1916	9.0185	0
9.5053	9.131	0
10.8175	9.4241	0
9.2129	9.3832	0
9.1551	9.4651	0
10.9924	9.8765	0
10.9943	9.8933	0
10.3182	10.948	0
9.7045	9.0447	0
9.1791	10.5711	0
9.6285	10.9284	0
10.5189	9.1451	0
10.975	9.7779	0
9.2127	10.6165	0
9.1095	9.5451	0
10.7742	9.3671	0
9.7031	10.9549	0
9.1372	9.4944	0
9.2661	10.6792	0
9.3013	9.2846	0
9.6644	9.058	0
10.0898	9.004	0
9.1498	9.4736	0
10.5018	9.135	0
10.9201	9.6084	0
10.0071	11.0	0
9.8185	10.9834	0
9.0665	10.3586	0
9.0002	9.9805	0
10.2341	9.0278	0
9.5607	10.8983	0
10.1334	9.0089	0
9.1014	9.5612	0
9.2603	9.327	0
10.3256	10.9455	0
10.4796	10.8775	0
9.1002	9.5638	0
10.7752	9.3683	0
9.0277	10.2338	0
9.1267	10.4872	0
9.0622	9.6527	0
9.0649	10.3543	0
9.5946	10.9141	0
9.3226	10.7356	0
10.6317	10.7752	0
10.9211	10.3894	0
10.0707	10.9975	0
10.7389	9.3262	0
10.9825	10.1863	0
9.0003	9.9754	0
10.491	9.1289	0
9.0397	9.721	0
9.0226	10.2112	0
10.7433	9.331	0
10.2855	9.0416	0
9.0722	9.6268	0
9.6263	9.0725	0
9.3503	9.2398	0
9.6646	9.0579	0
9.0363	10.267	0
10.7268	9.3131	0
10.6967	9.2827	0
10.9882	10.1535	0
10.9208	9.61	0
10.5061	10.8625	0
10.9127	9.5913	0
10.7672	10.6414	0
9.0636	9.6491	0
10.7413	10.6712	0
10.0623	10.9981	0
10.4357	9.0999	0
9.1984	10.5978	0
9.0084	10.1291	0
9.0053	10.1032	0
9.7555	9.0304	0
10.6703	10.7421	0
9.5602	10.8981	0
10.9006	9.5653	0
9.113	9.5383	0
10.7714	9.3636	0
10.7799	10.6259	0
10.348	10.9375	0
9.5009	9.1335	0
10.489	9.1277	0
10.8383	10.5453	0
10.9506	10.3105	0
10.5714	10.8206	0
9.0014	9.9478	0
10.6986	10.7155	0
9.9498	10.9987	0
10.9346	9.6442	0
9.4685	9.1529	0
10.8139	10.581	0
10.5657	10.8246	0
9.1165	10.4685	0
9.0571	10.333	0
9.509	10.8712	0
9.183	10.5767	0
10.451	9.1075	0
10.7681	9.3597	0
10.8227	9.4316	0
10.4999	10.8661	0
9.9692	10.9995	0
9.4965	9.136	0
10.0051	11.0	0
10.8061	10.5918	0
9.631	9.0706	0
9.0229	9.7871	0
9.3165	9.27	0
9.0939	10.423	0
10.6488	10.7609	0
10.9213	9.6111	0
10.997	9.9231	0
9.0039	10.0877	0
10.1432	9.0103	0
9.9686	10.9995	0
10.9913	9.8685	0
10.0019	9.0	0
10.4408	9.1024	0
10.1472	9.0109	0
10.147	9.0109	0
10.6968	9.2827	0
9.5011	9.1333	0
10.9958	10.0917	0
9.7573	9.0299	0
10.4442	9.1041	0
10.9508	9.6901	0
9.4174	9.1872	0
9.2229	9.3706	0
10.8798	9.5247	0
9.7403	10.9657	0
9.4349	9.175	0
10.1676	9.0141	0
10.8933	10.4495	0
10.9901	9.8599	0
9.005	9.9004	0
10.9272	10.3747	0
10.9963	9.9144	0
10.7456	9.3336	0
10.1485	10.9889	0
9.1898	9.4139	0
11.0	10.0075	0
10.8426	10.5385	0
9.6882	9.0498	0
9.1688	9.4441	0
10.9777	9.7901	0
9.1804	10.5729	0
9.1261	9.5138	0
9.3146	10.7282	0
9.6357	9.0687	0
10.3188	10.9478	0
9.0388	10.2757	0
9.0016	9.9439	0
9.2121	9.3841	0
10.5339	10.8455	0
10.6363	10.7715	0
9.0007	10.0376	0
10.8052	10.593	0
9.0583	10.3366	0
9.0562	9.6696	0
9.6113	9.0787	0
9.5136	10.8737	0
10.0283	10.9996	0
10.9165	10.4	0
10.9925	10.1223	0
10.4878	9.127	0
10.9906	10.1365	0
9.6459	9.0648	0
10.7188	9.3048	0
9.1996	9.4005	0
10.9868	10.1619	0
9.7288	9.0375	0
9.5978	10.9156	0
10.9172	10.3984	0
9.3611	10.7693	0
10.3801	10.925	0
10.0657	10.9978	0
9.9523	10.9989	0
9.3665	10.7737	0
10.0459	10.9989	0
10.3615	9.0676	0
10.7233	9.3094	0
9.5213	9.122	0
9.081	9.6058	0
9.5592	10.8976	0
10.9689	10.2474	0
10.8395	9.4567	0
10.4996	10.8663	0
9.4363	9.174	0
9.0884	9.589	0
9.4202	10.8148	0
10.5528	9.1667	0
10.274	10.9617	0
9.9157	9.0036	0
9.4847	10.857	0
10.1641	9.0136	0
10.9887	10.1497	0
10.5863	9.1899	0
10.6646	10.7472	0
10.9777	9.7899	0
10.8487	10.5288	0
9.0318	10.2502	0
9.6347	10.9309	0
9.5536	10.8948	0
9.0192	10.1951	0
10.8105	10.5857	0
9.0207	9.7976	0
10.8696	10.4938	0
10.1518	10.9884	0
9.8632	10.9906	0
9.5055	10.8692	0
9.4723	9.1506	0
10.5453	10.8383	0
9.7054	10.9556	0
9.6232	10.9263	0
9.462	10.843	0
9.0007	10.0384	0
10.4146	9.09	0
9.0762	10.3829	0
10.8191	9.4264	0
9.4221	9.1839	0
10.1205	9.0073	0
10.9993	10.0373	0
10.5152	10.8571	0
10.1881	9.0179	0
9.9485	10.9987	0
9.8213	9.0161	0
9.8504	10.9887	0
9.305	9.2809	0
10.9622	10.2724	0
9.1877	10.5833	0
9.0061	10.1104	0
9.2394	10.6492	0
10.187	10.9824	0
10.9488	10.316	0
10.2298	10.9732	0
9.4613	10.8425	0
9.5268	9.119	0
9.9201	10.9968	0
10.9674	9.7468	0
9.8423	9.0125	0
9.3089	9.2772	0
10.6424	10.7664	0
9.1402	10.5106	0
9.2568	9.3309	0
9.3182	9.2685	0
9.0043	9.9072	0
9.4379	10.8271	0
9.995	9.0	0
10.3743	10.9273	0
10.7999	10.6001	0
9.0062	9.8887	0
10.7066	10.7076	0
10.7365	9.3236	0
9.0101	10.1416	0
10.103	9.0053	0
9.3422	10.7532	0
9.9019	9.0048	0
9.0405	10.2818	0
10.0486	10.9988	0
9.8907	10.994	0
9.224	9.3692	0
9.0383	10.274	0
10.8667	10.4988	0
9.8321	9.0142	0
10.5301	9.1521	0
10.7857	9.3814	0
10.1536	9.0119	0
10.1605	9.013	0
9.3255	10.7383	0
9.2449	9.3444	0
9.1948	10.593	0
9.1111	9.542	0
10.3258	10.9455	0
9.2729	9.3135	0
9.0596	10.34	0
10.4444	10.8958	0
9.089	10.4124	0
10.4264	10.9045	0
9.0982	9.5678	0
9.0952	10.4259	0
9.1921	10.5894	0
9.4636	9.1561	0
10.7105	10.7037	0
10.9322	9.638	0
10.6203	10.7844	0
9.0815	10.3953	0
9.1353	9.4976	0
9.3583	9.2331	0
9.6226	10.9261	0
9.202	9.3973	0
9.0981	10.4319	0
10.5432	10.8396	0
10.2316	10.9728	0
9.3268	9.2605	0
10.0442	9.001	0
9.0042	10.092	0
10.5958	9.1968	0
9.5429	10.8894	0
10.2215	10.9752	0
10.3057	10.9521	0
9.0002	9.982	0
9.1043	9.5553	0
10.6578	10.7532	0
10.9734	10.2293	0
9.4855	9.1425	0
9.2181	9.3766	0
9.2553	9.3326	0
9.5251	10.88	0
9.5502	10.8932	0
9.5844	9.0904	0
10.598	10.8015	0
10.0424	9.0009	0
9.1896	10.5859	0
10.1149	10.9934	0
10.3174	9.0517	0
9.0486	10.3079	0
9.7416	9.034	0
9.7155	9.0413	0
10.9305	10.3664	0
9.6985	10.9535	0
9.1027	9.5586	0
10.7948	10.6069	0
10.2094	10.9778	0
10.6482	9.2385	0
10.4322	10.9018	0
10.9579	9.7131	0
10.9953	10.0968	0
9.5488	10.8924	0
10.7768	9.3702	0
10.4462	9.1051	0
9.8237	9.0157	0
9.6565	9.0608	0
10.9456	10.3255	0
9.7898	10.9777	0
10.72	9.306	0
10.9659	10.259	0
9.6499	10.9367	0
9.3963	9.2028	0
9.1041	9.5558	0
9.3566	9.2344	0
9.0006	9.9667	0
10.5334	9.1542	0
9.642	10.9337	0
10.9919	9.8726	0
10.803	9.404	0
9.73	10.9629	0
10.913	10.4079	0
9.0042	10.0911	0
10.7524	10.6587	0
9.7712	10.9735	0
10.8809	9.5267	0
10.9562	10.2929	0
10.5135	9.1419	0
9.6114	9.0786	0
9.6207	10.9253	0
10.0961	10.9954	0
10.9948	9.8984	0
9.0961	10.4277	0
10.1434	10.9897	0
10.3873	10.9219	0
10.9595	10.2819	0
10.9828	9.8156	0
9.848	10.9884	0
9.141	10.512	0
9.3445	9.2448	0
10.7679	10.6406	0
10.5155	9.1431	0
9.1533	9.4679	0
10.3363	9.0582	0
9.4729	9.1502	0
10.3715	9.0716	0
10.622	10.783	0
10.7372	10.6757	0
9.1551	9.4651	0
10.135	10.9908	0
10.8975	10.441	0
9.0121	9.8447	0
10.9835	10.1809	0
9.0356	10.2645	0
10.8896	10.4567	0
10.0975	9.0048	0
10.7639	10.6453	0
9.002	9.9365	0
10.9089	9.5831	0
9.1223	10.4792	0
10.7132	10.701	0
10.6497	9.2398	0
9.1347	9.4987	0
10.1044	9.0055	0
10.6328	9.2256	0
10.998	9.9371	0
9.1555	9.4644	0
10.8284	10.5602	0
10.3944	9.0811	0
9.8894	10.9939	0
10.8468	10.5319	0
9.4632	9.1563	0
10.9747	10.2236	0
10.9509	9.6906	0
10.9825	9.8139	0
10.2987	9.0457	0
10.7692	10.639	0
9.0725	10.3739	0
9.7807	9.0244	0
9.025	10.2222	0
9.565	10.9004	0
10.9078	9.5806	0
10.7874	10.6165	0
10.9965	9.9163	0
9.3095	9.2767	0
9.1163	9.532	0
10.2775	10.9607	0
9.7162	10.9589	0
10.9496	10.3135	0
9.6267	9.0723	0
10.6811	9.2678	0
10.9941	9.8914	0
10.5961	9.1971	0
9.6318	10.9297	0
10.9333	9.6409	0
10.9568	9.7093	0
10.9373	10.3486	0
10.727	10.6867	0
10.5444	10.8388	0
10.3709	10.9287	0
10.8786	10.4776	0
10.9996	10.0271	0
10.8325	9.4459	0
9.6797	9.0527	0
10.4765	9.1208	0
10.7494	9.3379	0
9.161	10.5441	0
10.1774	10.9841	0
10.7877	9.3839	0
10.9443	9.671	0
9.6451	9.0651	0
10.9932	9.8836	0
10.6235	9.2182	0
10.9886	10.1509	0
10.8946	10.4469	0
10.9449	9.6727	0
10.1901	10.9818	0
10.2596	9.0343	0
10.9545	10.2983	0
10.8424	9.4611	0
9.0001	9.988	0
9.1295	9.5078	0
9.128	9.5105	0
9.1604	10.5433	0
9.4517	9.1637	0
10.9944	9.8947	0
9.5926	9.0867	0
10.4471	9.1055	0
9.4562	10.8392	0
9.013	9.8392	0
10.9821	9.8119	0
9.9756	10.9997	0
10.791	9.3882	0
9.4564	9.1606	0
10.7349	10.6782	0
9.1104	10.4567	0
10.9759	9.7818	0
9.9266	10.9973	0
10.5614	9.1724	0
10.1684	9.0143	0
10.4033	10.9151	0
9.3485	9.2414	0
10.7882	9.3845	0
9.1273	9.5118	0
10.8244	10.566	0
9.3194	9.2674	0
9.5196	10.877	0
10.2299	10.9732	0
9.3209	9.2659	0
9.1319	9.5035	0
10.9994	9.9661	0
9.5069	9.13	0
9.1838	10.5778	0
9.3501	9.24	0
10.1519	10.9884	0
10.3215	9.0531	0
9.0005	9.9687	0
10.9463	9.6767	0
9.0715	10.3714	0
10.2058	9.0214	0
9.5221	10.8784	0
9.8767	10.9924	0
10.8665	9.5008	0
10.1667	9.014	0
9.5758	10.9056	0
9.1431	9.4845	0
10.924	9.6176	0
9.7491	10.968	0
9.9986	11.0	0
10.7086	9.2943	0
10.145	10.9894	0
9.126	10.4859	0
10.7909	10.6119	0
10.6301	9.2235	0
10.3825	9.076	0
9.0286	9.7628	0
9.0576	10.3344	0
10.4568	9.1104	0
10.8966	9.5572	0
10.7588	9.3487	0
10.9632	10.2687	0
9.3397	10.751	0
9.2811	10.6951	0
10.2132	10.977	0
9.7797	10.9754	0
9.4261	10.8189	0
10.8721	10.4893	0
9.1322	10.4969	0
10.12	10.9928	0
10.5329	9.1538	0
9.6856	10.9493	0
9.0033	9.9191	0
9.0001	10.013	0
9.3458	10.7563	0
9.8726	10.9918	0
10.4735	9.1192	0
10.4768	10.879	0
9.3451	9.2443	0
10.9996	10.0297	0
9.3253	9.2619	0
9.7464	9.0327	0
10.3869	10.9221	0
9.1821	9.4247	0
10.6359	10.7718	0
9.4141	10.8104	0
9.1168	10.469	0
9.3904	10.7927	0
10.1637	9.0135	0
10.2058	10.9786	0
9.3538	9.2369	0
9.0006	9.9668	0
10.075	10.9972	0
9.0535	10.3227	0
9.0315	10.2489	0
10.9492	9.6853	0
10.6662	10.7458	0
9.6727	10.9449	0
10.1037	9.0054	0
9.0165	9.8192	0
9.0461	10.3001	0
9.4939	10.8625	0
9.8267	9.0151	0
9.8108	10.9819	0
10.9939	10.1103	0
10.722	9.3081	0
10.9996	10.029	0
10.2494	10.9684	0
9.115	9.5345	0
9.0583	10.3364	0
10.6677	9.2556	0
9.0281	9.7645	0
9.0234	10.2149	0
10.9941	9.8918	0
9.4714	9.1511	0
10.4876	10.8731	0
10.9999	10.0116	0
9.0388	10.276	0
10.6555	9.2448	0
10.1693	10.9856	0
10.6252	10.7805	0
10.0892	9.004	0
9.0036	10.0847	0
9.215	10.6195	0
9.0572	10.3334	0
9.8967	10.9947	0
9.0077	10.1235	0
9.512	9.1272	0
10.985	10.1725	0
10.9968	10.0795	0
10.7058	10.7084	0
10.0951	10.9955	0
9.0	10.0013	0
10.9996	9.9701	0
9.0221	9.7908	0
9.0004	9.9723	0
10.4504	10.8928	0
9.8583	9.0101	0
9.6779	9.0533	0
9.2261	9.3667	0
10.0533	9.0014	0
10.9515	9.6923	0
10.9174	9.6021	0
10.6256	9.2198	0
10.9829	10.1844	0
9.1087	10.4534	0
9.5432	10.8896	0
9.0311	10.2476	0
10.3817	10.9243	0
9.1725	9.4385	0
10.0771	9.003	0
10.2062	9.0215	0
10.9	10.4358	0
10.9397	10.3421	0
9.4282	10.8204	0
10.6043	9.2033	0
10.0304	10.9995	0
9.8911	9.0059	0
10.7289	10.6846	0
9.3127	10.7263	0
10.9825	10.1865	0
9.4838	9.1436	0
9.8028	9.0196	0
10.2059	9.0214	0
9.0765	9.6163	0
9.6895	9.0494	0
9.0039	9.9119	0
10.8281	9.4394	0
10.4586	10.8886	0
10.9833	9.8182	0
9.0006	10.035	0
9.107	10.4501	0
9.0641	9.6477	0
9.0001	10.0143	0
10.9699	9.7566	0
9.5826	10.9087	0
9.2258	9.3671	0
10.1614	9.0131	0
9.061	10.344	0
10.3409	9.0599	0
10.1594	9.0128	0
10.5207	9.1463	0
9.0292	9.7599	0
10.9441	9.6703	0
10.9882	9.8468	0
9.1653	9.4492	0
10.3842	9.0767	0
10.9808	9.8049	0
10.0211	9.0002	0
10.3308	10.9437	0
10.915	10.4035	0
10.9788	9.7952	0
9.4854	10.8575	0
10.862	10.5068	0
9.1593	9.4586	0
10.2651	9.0358	0
9.887	9.0064	0
10.0845	10.9964	0
9.8315	10.9857	0
9.525	9.12	0
9.0021	10.0648	0
10.999	9.9542	0
10.8239	10.5668	0
9.1821	9.4247	0
9.6818	9.052	0
10.4711	10.8821	0
10.6464	10.763	0
9.8179	10.9833	0
9.0936	9.5775	0
9.1128	10.4613	0
9.7769	10.9748	0
9.1547	10.5343	0
10.6195	9.215	0
10.7415	10.6709	0
10.9903	9.8608	0
9.9024	10.9952	0
9.183	9.4233	0
9.2649	9.322	0
10.1201	10.9928	0
9.6987	9.0465	0
10.4121	9.0888	0
9.0007	10.0384	0
10.5717	9.1795	0
9.1625	10.5465	0
9.0497	9.6888	0
9.0615	9.6548	0
9.0785	10.3883	0
9.0003	9.9741	0
9.6192	10.9247	0
9.7213	10.9604	0
10.6921	9.2782	0
10.6502	10.7598	0
9.5912	9.0874	0
10.7507	10.6606	0
10.476	10.8794	0
10.0157	9.0001	0
10.8863	9.5368	0
10.7629	9.3535	0
10.9782	9.7925	0
9.3104	10.7242	0
9.3157	9.2708	0
10.8149	10.5796	0
10.4632	10.8863	0
9.3239	9.2632	0
9.1974	10.5965	0
9.919	9.0033	0
10.018	10.9998	0
10.9831	9.8168	0
9.0389	9.7237	0
9.0569	10.3326	0
10.8675	9.5025	0
9.9519	10.9988	0
10.9561	10.2932	0
9.1866	9.4183	0
9.0691	9.6346	0
10.143	10.9897	0
10.8711	9.5088	0
9.6804	10.9475	0
10.1177	10.993	0
9.0156	10.1758	0
10.6148	9.2113	0
9.6195	9.0752	0
10.4552	9.1096	0
9.3454	10.756	0
9.6684	9.0566	0
10.0567	10.9984	0
9.0054	9.8966	0
9.2667	10.6799	0
9.0169	10.1829	0
10.0354	9.0006	0
9.3035	10.7175	0
9.8394	9.013	0
10.8434	9.4627	0
9.8182	9.0167	0
9.19	10.5864	0
10.8998	10.4363	0
9.1868	9.4181	0
10.8521	10.5233	0
10.8556	10.5177	0
9.6202	9.075	0
9.5242	10.8796	0
10.3379	9.0588	0
10.915	10.4036	0
9.0306	9.7545	0
9.7792	10.9753	0
9.0118	10.1532	0
10.0633	9.002	0
10.7047	10.7095	0
10.2789	10.9603	0
10.076	10.9971	0
9.1652	9.4495	0
9.0597	10.3403	0
10.9988	9.9515	0
9.0222	9.7905	0
9.0511	9.6845	0
10.9766	10.2152	0
10.7087	9.2945	0
9.0319	9.7496	0
9.4655	10.8452	0
9.0287	10.2379	0
10.2229	10.9748	0
10.7796	9.3737	0
9.3726	10.7787	0
9.8255	10.9847	0
10.9941	9.8913	0
10.7106	9.2964	0
10.173	10.9849	0
10.8098	9.4133	0
9.0359	9.7343	0
10.1656	10.9862	0
10.8588	9.4877	0
9.0162	10.1793	0
9.0394	10.2779	0
10.9857	9.8314	0
10.4833	10.8754	0
9.0114	9.8495	0
9.2444	10.6551	0
9.7978	9.0207	0
10.4351	10.9004	0
9.067	10.3598	0
10.776	9.3693	0
9.6451	9.0651	0
9.9829	9.0001	0
9.2587	10.6712	0
9.0343	10.2595	0
10.9732	9.7701	0
9.8197	9.0164	0
10.3092	9.049	0
9.5982	10.9157	0
9.5858	9.0898	0
10.4922	9.1295	0
9.5823	9.0914	0
10.9511	10.309	0
9.862	9.0096	0
10.0384	9.0007	0
9.0683	10.3632	0
9.0015	9.9453	0
9.3132	9.2732	0
10.9547	9.7025	0
9.3199	10.7332	0
9.0	9.9902	0
10.0452	10.999	0
10.0598	9.0018	0
10.9425	10.3342	0
9.5652	10.9005	0
10.9324	10.3614	0
10.9811	9.8064	0
9.1265	9.5132	0
9.6223	9.0741	0
10.4295	9.097	0
10.1432	10.9897	0
10.4484	9.1062	0
9.7519	10.9687	0
9.0363	9.733	0
9.2595	9.3279	0
10.9938	10.1113	0
10.8441	9.4638	0
9.0391	10.2769	0
10.9916	10.1291	0
9.2039	10.6052	0
10.7103	10.7039	0
9.1634	9.4522	0
9.5342	10.8849	0
10.3235	9.0538	0
10.9283	9.6283	0
9.0053	9.897	0
9.2452	9.344	0
9.3003	10.7145	0
10.941	10.3385	0
9.3447	10.7554	0
9.4321	10.8231	0
10.7105	9.2963	0
9.4156	9.1886	0
9.0648	9.6459	0
10.7029	10.7112	0
10.9358	9.6474	0
9.1201	9.5248	0
9.3823	9.2136	0
10.2196	9.0244	0
9.7781	10.9751	0
10.6638	9.2521	0
10.0477	10.9989	0
10.8619	10.507	0
9.5492	10.8926	0
10.9672	10.2541	0
10.9036	10.4284	0
9.0045	10.0945	0
9.0926	10.4202	0
10.7548	9.344	0
10.4383	10.8988	0
10.2593	10.9658	0
9.0372	9.7299	0
9.8696	10.9915	0
10.1455	10.9894	0
9.3451	10.7557	0
9.3602	9.2315	0
9.0001	9.9871	0
10.6642	9.2524	0
9.4912	10.8609	0
10.707	10.7072	0
10.1605	9.013	0
9.001	10.0445	0
9.9122	10.9961	0
10.4321	9.0982	0
9.3048	10.7188	0
9.8945	9.0056	0
10.6044	9.2033	0
10.909	9.5832	0
10.1177	10.993	0
10.1437	10.9896	0
9.9379	9.0019	0
9.496	10.8637	0
9.0032	10.0804	0
9.0583	10.3365	0
9.201	10.6013	0
9.0911	9.5831	0
10.9992	9.9592	0
10.8479	9.4698	0
10.9995	10.0321	0
10.8529	10.522	0
10.7272	9.3136	0
9.9679	9.0005	0
10.4345	10.9007	0
10.8523	10.5231	0
9.906	10.9956	0
9.0196	10.1968	0
9.9142	10.9963	0
10.2884	10.9575	0
10.9115	9.5887	0
9.0035	10.0838	0
9.7335	9.0362	0
9.0947	9.5753	0
9.9469	10.9986	0
9.4191	9.186	0
9.3779	9.2171	0
10.8055	9.4074	0
10.9937	9.8877	0
9.7975	10.9793	0
10.9339	10.3576	0
10.8568	10.5156	0
10.872	10.4895	0
10.9996	9.9709	0
9.2644	10.6775	0
10.8227	9.4316	0
10.2581	10.9661	0
10.9702	10.2422	0
9.0044	9.9067	0
9.8841	9.0067	0
9.0479	10.3057	0
9.16	9.4574	0
10.4205	9.0927	0
9.8992	9.0051	0
9.6184	10.9243	0
10.2872	10.9579	0
10.5692	9.1778	0
10.2578	9.0338	0
10.2	10.9798	0
10.9647	9.7366	0
9.1247	9.5164	0
10.0385	9.0007	0
9.0227	10.2117	0
10.6318	10.7751	0
10.9912	10.1327	0
10.1871	9.0177	0
9.8701	10.9915	0
10.3809	9.0754	0
10.9986	9.9474	0
9.5068	10.8699	0
10.9992	9.9592	0
10.4161	10.9093	0
10.5673	10.8235	0
10.936	10.352	0
9.1242	10.4827	0
10.2704	9.0373	0
10.9207	10.3903	0
9.3369	9.2515	0
9.5932	10.9135	0
10.152	9.0116	0
10.7384	10.6743	0
10.651	10.7591	0
10.873	9.5122	0
9.1092	9.5457	0
9.9288	9.0025	0
10.7835	9.3786	0
10.8673	9.5022	0
9.974	9.0003	0
10.9869	10.1614	0
10.9938	10.1113	0
9.0123	10.1565	0
10.9885	9.8485	0
10.2329	9.0275	0
9.1927	9.4099	0
10.2226	10.9749	0
10.2462	10.9692	0
9.43	9.1784	0
10.0587	9.0017	0
9.2933	9.2925	0
10.0954	10.9954	0
10.6412	9.2326	0
10.5488	10.8359	0
9.3395	9.2492	0
10.627	9.221	0
9.072	9.6274	0
9.2204	10.6263	0
10.9038	9.5721	0
10.9562	10.2928	0
9.4726	10.8496	0
9.1285	10.4904	0
9.8699	10.9915	0
9.0043	10.0922	0
10.5588	10.8293	0
9.0182	10.1899	0
9.3047	9.2813	0
10.8198	9.4273	0
10.6618	9.2503	0
10.4894	9.128	0
10.5065	9.1378	0
9.9143	10.9963	0
10.991	10.134	0
10.7314	9.3181	0
10.9322	9.6381	0
10.9872	10.1592	0
10.9793	10.2024	0
10.9613	9.7245	0
10.5869	10.8097	0
10.0296	10.9996	0
10.9136	10.4066	0
10.9991	10.0414	0
9.9022	9.0048	0
9.3763	9.2183	0
10.9999	10.0102	0
10.0151	10.9999	0
10.8803	10.4744	0
10.6858	10.7278	0
9.6688	10.9436	0
9.0095	10.1375	0
10.499	10.8666	0
10.6476	9.238	0
10.6634	10.7482	0
10.1983	10.9801	0
9.8281	10.9851	0
10.1555	10.9878	0
10.8825	10.4703	0
9.2202	10.626	0
9.4524	10.8368	0
10.0714	10.9975	0
9.8892	9.0062	0
10.0739	9.0027	0
10.5648	10.8252	0
9.9953	11.0	0
10.781	9.3755	0
10.7472	10.6646	0
10.8219	9.4304	0
9.4663	9.1543	0
9.2969	10.7111	0
10.9296	10.3686	0
10.9911	9.867	0
