-10.9505	-9.6893	-2
-9.168	-10.5548	-2
-9.7625	-9.0286	-2
-10.5867	-9.1902	-2
-10.322	-10.9467	-2
-9.0687	-10.3643	-2
-10.7203	-10.6937	-2
-9.1324	-9.5028	-2
-9.9505	-9.0012	-2
-10.8335	-10.5525	-2
-9.5851	-10.9099	-2
-9.3818	-10.786	-2
-9.7616	-10.9712	-2
-9.3194	-10.7326	-2
-9.0061	-10.1102	-2
-9.3888	-10.7914	-2
-10.9707	-10.2403	-2
-9.1515	-10.5292	-2
-10.094	-9.0044	-2
-10.9392	-9.6567	-2
-9.2705	-10.684	-2
-9.3129	-9.2734	-2
-9.2755	-9.3107	-2
-10.9924	-10.123	-2
-10.9776	-9.7896	-2
-9.4306	-10.822	-2
-9.4876	-10.8588	-2
-9.7549	-9.0305	-2
-10.3055	-10.9522	-2
-10.9518	-9.6932	-2
-9.0129	-9.8401	-2
-9.1842	-9.4217	-2
-10.7036	-9.2894	-2
-10.7303	-9.3169	-2
-10.4487	-10.8937	-2
-10.9754	-9.7794	-2
-10.1601	-9.0129	-2
-10.9962	-9.9123	-2
-10.9715	-10.2371	-2
-10.9999	-9.9877	-2
-9.2157	-9.3796	-2
-10.6085	-9.2064	-2
-9.226	-9.3668	-2
-9.0957	-9.5731	-2
-10.3551	-9.0652	-2
-9.3721	-10.7783	-2
-9.1622	-10.5459	-2
-10.1092	-10.994	-2
-10.4558	-9.1099	-2
-10.792	-9.3895	-2
-10.6727	-9.2601	-2
-10.9996	-10.03	-2
-9.0825	-10.3978	-2
-10.9998	-10.0189	-2
-10.8025	-10.5966	-2
-9.0006	-10.0353	-2
-10.9457	-9.675	-2
-9.9552	-10.999	-2
-9.351	-9.2392	-2
-10.9452	-9.6735	-2
-10.6922	-10.7217	-2
-10.9835	-9.8192	-2
-9.8051	-10.9808	-2
-9.036	-9.7341	-2
-9.127	-9.5123	-2
-9.9545	-9.001	-2
-9.5557	-9.1041	-2
-9.0645	-9.6467	-2
-9.0031	-9.9207	-2
-9.1237	-9.5182	-2
-10.3347	-9.0577	-2
-10.318	-10.9481	-2
-10.9681	-9.7495	-2
-10.7929	-10.6093	-2
-9.0756	-9.6185	-2
-9.0443	-9.7056	-2
-10.7484	-9.3368	-2
-10.8276	-10.5613	-2
-9.972	-10.9996	-2
-10.7905	-10.6125	-2
-10.9364	-9.6491	-2
-10.732	-10.6813	-2
-10.2841	-10.9588	-2
-9.5998	-9.0836	-2
-9.4871	-9.1416	-2
-10.1608	-9.013	-2
-10.9578	-10.2875	-2
-9.1207	-9.5237	-2
-9.7145	-9.0416	-2
-9.031	-10.2471	-2
-10.1789	-9.0161	-2
-9.0654	-9.6442	-2
-10.3141	-9.0506	-2
-9.0695	-10.3663	-2
-9.5086	-9.1291	-2
-9.0936	-10.4223	-2
-10.0318	-9.0005	-2
-10.9985	-9.9454	-2
-9.9278	-9.0026	-2
-10.9833	-10.1818	-2
-10.621	-9.2162	-2
-9.7523	-9.0312	-2
-10.8275	-9.4385	-2
-10.386	-9.0775	-2
-10.5163	-9.1436	-2
-9.189	-9.4149	-2
-9.0783	-10.3879	-2
-10.9553	-10.2956	-2
-9.0009	-9.9582	-2
-10.2764	-9.039	-2
-9.2822	-10.6962	-2
-9.0151	-9.8269	-2
-10.7399	-10.6727	-2
-9.511	-9.1277	-2
-10.8316	-10.5554	-2
-9.0387	-9.7243	-2
-10.3512	-10.9363	-2
-9.0126	-10.1585	-2
-10.5325	-10.8464	-2
-10.1634	-10.9866	-2
-9.1983	-10.5977	-2
-9.4605	-9.158	-2
-9.5611	-10.8986	-2
-9.919	-10.9967	-2
-10.2059	-9.0214	-2
-10.5013	-10.8653	-2
-10.9009	-10.434	-2
-9.0728	-9.6254	-2
-9.9755	-9.0003	-2
-10.4955	-9.1314	-2
-10.2621	-9.035	-2
-10.5327	-10.8463	-2
-9.7559	-9.0303	-2
-10.802	-9.4027	-2
-9.952	-9.0012	-2
-10.9253	-9.6207	-2
-9.09	-9.5854	-2
-9.552	-10.894	-2
-9.3773	-9.2175	-2
-10.9017	-9.5676	-2
-10.9745	-10.2242	-2
-9.0402	-9.7195	-2
-10.5823	-10.813	-2
-9.2488	-10.6601	-2
-9.8893	-10.9939	-2
-10.8604	-9.4904	-2
-10.9293	-9.6308	-2
-9.3588	-9.2326	-2
-10.5928	-10.8054	-2
-9.3115	-9.2747	-2
-10.8745	-10.4851	-2
-9.5877	-10.911	-2
-10.024	-9.0003	-2
-9.0289	-9.7613	-2
-10.2988	-9.0457	-2
-9.8312	-10.9856	-2
-11.0	-9.9973	-2
-10.491	-9.1288	-2
-10.9988	-9.9519	-2
-10.997	-9.9223	-2
-9.148	-9.4764	-2
-9.0964	-9.5717	-2
-10.3045	-9.0475	-2
-9.1685	-9.4445	-2
-10.7936	-10.6085	-2
-9.6372	-9.0681	-2
-9.0002	-9.9826	-2
-10.9832	-10.1824	-2
-9.9563	-10.999	-2
-9.2201	-10.6259	-2
-10.8145	-10.5802	-2
-9.3186	-9.2681	-2
-9.0391	-10.2771	-2
-10.7817	-9.3763	-2
-9.8159	-9.0171	-2
-9.2236	-9.3698	-2
-10.7695	-9.3613	-2
-10.9805	-10.1967	-2
-9.7814	-9.0242	-2
-10.9985	-10.055	-2
-9.6531	-9.0621	-2
-9.3208	-10.7339	-2
-10.8314	-9.4443	-2
-10.4478	-9.1059	-2
-9.0004	-9.9727	-2
-9.9995	-11.0	-2
-10.3457	-9.0616	-2
-9.2889	-10.7031	-2
-10.6649	-9.2531	-2
-9.5457	-9.1092	-2
-10.4478	-10.8942	-2
-10.8932	-9.5504	-2
-10.5362	-9.1559	-2
-10.8996	-9.5633	-2
-10.1304	-10.9915	-2
-9.3961	-9.2029	-2
-9.6159	-10.9233	-2
-9.5989	-9.084	-2
-9.5961	-10.9148	-2
-9.3806	-9.2149	-2
-9.0071	-10.1188	-2
-10.9673	-10.2536	-2
-10.9413	-9.6624	-2
-10.1346	-9.0091	-2
-9.0	-9.9944	-2
-9.2105	-9.3862	-2
-10.9771	-9.7872	-2
-9.0124	-9.8428	-2
-9.0706	-9.6309	-2
-10.198	-9.0198	-2
-10.8049	-9.4066	-2
-9.0037	-10.0857	-2
-9.1412	-10.5124	-2
-9.0	-9.9989	-2
-10.0714	-10.9975	-2
-9.043	-10.2901	-2
-9.9263	-10.9973	-2
-9.019	-10.1942	-2
-9.0479	-10.3059	-2
-9.0559	-9.6705	-2
-10.8659	-9.4998	-2
-9.1635	-9.452	-2
-9.1504	-9.4725	-2
-9.0638	-9.6486	-2
-9.0015	-9.9459	-2
-10.7008	-10.7133	-2
-10.799	-9.3986	-2
-9.2319	-9.3597	-2
-9.9815	-9.0002	-2
-9.286	-10.7002	-2
-10.6565	-9.2456	-2
-10.6323	-9.2253	-2
-10.7545	-9.3437	-2
-10.1379	-10.9904	-2
-9.9201	-10.9968	-2
-9.0974	-9.5694	-2
-10.5394	-9.158	-2
-10.9253	-10.3793	-2
-10.8585	-10.5128	-2
-10.9974	-10.0714	-2
-10.9935	-10.1135	-2
-9.3778	-9.2171	-2
-10.114	-9.0065	-2
-10.9996	-10.0269	-2
-9.0081	-9.8732	-2
-9.4051	-9.1962	-2
-10.8298	-9.442	-2
-10.3991	-9.0831	-2
-10.9974	-10.0716	-2
-10.8839	-9.5324	-2
-10.9505	-10.3107	-2
-9.2773	-9.3089	-2
-9.8864	-9.0065	-2
-9.0109	-10.1475	-2
-9.1631	-9.4526	-2
-9.7805	-10.9756	-2
-9.29	-10.7042	-2
-10.6111	-9.2085	-2
-10.3846	-10.9231	-2
-10.929	-10.3702	-2
-10.9943	-10.1062	-2
-10.7382	-9.3254	-2
-10.0424	-9.0009	-2
-9.8287	-9.0148	-2
-9.1277	-10.4889	-2
-10.9425	-9.6659	-2
-9.0057	-10.1067	-2
-9.001	-10.0445	-2
-9.9246	-9.0028	-2
-10.737	-9.3242	-2
-9.5353	-9.1145	-2
-9.9781	-10.9998	-2
-9.2649	-10.6779	-2
-9.0286	-9.7627	-2
-10.2878	-10.9577	-2
-10.7992	-9.399	-2
-9.2584	-10.6709	-2
-9.9656	-10.9994	-2
-10.0249	-9.0003	-2
-10.9885	-10.1511	-2
-9.561	-9.1015	-2
-10.5624	-9.1732	-2
-9.3641	-9.2282	-2
-9.0168	-10.1826	-2
-10.9632	-10.2687	-2
-10.9344	-10.3562	-2
-10.8371	-10.5471	-2
-9.0	-10.0089	-2
-10.9688	-9.7521	-2
-9.4843	-9.1432	-2
-10.6005	-10.7996	-2
-10.3948	-9.0812	-2
-10.5886	-10.8084	-2
-9.3939	-9.2046	-2
-9.202	-10.6027	-2
-10.4801	-9.1228	-2
-10.9997	-10.0254	-2
-9.3747	-9.2196	-2
-9.0297	-10.242	-2
-10.8067	-10.5909	-2
-9.5571	-9.1034	-2
-9.0115	-10.1514	-2
-10.9991	-9.9575	-2
-10.7478	-9.3361	-2
-9.0147	-9.8293	-2
-10.6107	-10.7919	-2
-9.0731	-9.6248	-2
-10.9847	-9.8256	-2
-9.1577	-9.461	-2
-9.0889	-10.4121	-2
-10.5256	-9.1493	-2
-10.9876	-10.1572	-2
-10.9881	-9.846	-2
-9.1622	-9.4541	-2
-10.9996	-9.9702	-2
-9.0001	-10.0154	-2
-10.5475	-9.1632	-2
-9.3428	-10.7537	-2
-10.1991	-10.98	-2
-9.167	-10.5532	-2
-10.9903	-10.1387	-2
-9.1538	-10.5329	-2
-9.0443	-9.7055	-2
-9.931	-9.0024	-2
-9.843	-9.0124	-2
-10.9856	-9.8309	-2
-9.4075	-10.8056	-2
-10.0004	-9.0	-2
-9.5638	-9.1001	-2
-10.9984	-9.9426	-2
-9.2369	-10.6463	-2
-9.0024	-10.0689	-2
-9.1048	-9.5543	-2
-10.0808	-9.0033	-2
-9.158	-9.4605	-2
-10.9999	-9.9831	-2
-10.4579	-10.889	-2
-10.3805	-9.0752	-2
-9.5494	-9.1073	-2
-10.8519	-9.4762	-2
-9.0168	-10.1823	-2
-9.7646	-9.0281	-2
-9.4065	-10.8048	-2
-10.0556	-9.0015	-2
-10.9992	-10.0399	-2
-10.9525	-9.6955	-2
-9.2035	-9.3953	-2
-10.7889	-9.3854	-2
-9.8177	-9.0168	-2
-9.881	-9.0071	-2
-11.0	-10.0006	-2
-9.7361	-10.9645	-2
-10.7437	-10.6685	-2
-10.7548	-9.3441	-2
-10.9288	-9.6295	-2
-9.4344	-9.1753	-2
-10.7124	-9.2982	-2
-9.3657	-9.2269	-2
-9.4696	-10.8477	-2
-10.9962	-10.0876	-2
-10.6028	-10.7979	-2
-10.7661	-10.6428	-2
-9.185	-10.5795	-2
-10.4223	-10.9065	-2
-9.0003	-10.0233	-2
-9.2378	-9.3526	-2
-10.9535	-9.6987	-2
-10.1451	-9.0106	-2
-9.3871	-9.2098	-2
-10.8394	-9.4564	-2
-9.0107	-10.146	-2
-10.8271	-9.4379	-2
-10.9565	-10.2917	-2
-9.946	-10.9985	-2
-10.6905	-9.2767	-2
-9.3569	-9.2342	-2
-9.0796	-9.6089	-2
-9.1204	-9.5243	-2
-9.0001	-9.9897	-2
-9.1018	-9.5605	-2
-9.0967	-10.429	-2
-9.0892	-9.5872	-2
-10.1729	-9.0151	-2
-9.0192	-10.1953	-2
-9.994	-11.0	-2
-9.6469	-10.9356	-2
-10.882	-10.4712	-2
-9.951	-10.9988	-2
-10.0647	-10.9979	-2
-9.0842	-9.5984	-2
-9.4422	-10.83	-2
-9.5014	-10.8668	-2
-9.2363	-10.6456	-2
-10.6251	-9.2194	-2
-10.5003	-10.8659	-2
-10.4651	-10.8853	-2
-9.5852	-10.9099	-2
-10.1946	-9.0191	-2
-10.9885	-9.8486	-2
-10.8355	-9.4505	-2
-10.1072	-10.9942	-2
-10.9945	-10.1045	-2
-10.9972	-9.9257	-2
-10.1987	-9.0199	-2
-10.9553	-9.7043	-2
-9.8682	-10.9913	-2
-10.7024	-9.2883	-2
-9.9096	-9.0041	-2
-9.4663	-10.8457	-2
-10.9941	-9.8913	-2
-10.5928	-9.1946	-2
-9.5709	-10.9032	-2
-10.9781	-9.7917	-2
-10.8377	-10.5462	-2
-9.8367	-9.0134	-2
-9.4497	-10.835	-2
-9.0326	-10.2534	-2
-10.9976	-10.0699	-2
-10.798	-10.6027	-2
-9.7927	-9.0217	-2
-10.5939	-9.1955	-2
-9.0021	-9.9357	-2
-9.7436	-9.0334	-2
-10.9206	-9.6094	-2
-9.3686	-9.2246	-2
-9.1361	-10.5037	-2
-10.2843	-10.9587	-2
-9.2057	-10.6075	-2
-9.0555	-10.3285	-2
-9.4588	-9.1591	-2
-10.5753	-9.1821	-2
-9.2239	-9.3694	-2
-10.884	-9.5325	-2
-9.1937	-10.5915	-2
-10.8613	-9.4919	-2
-10.6272	-10.7789	-2
-10.1674	-9.0141	-2
-9.0425	-9.7116	-2
-10.9623	-9.728	-2
-10.3695	-9.0708	-2
-10.5474	-10.8369	-2
-9.063	-10.3492	-2
-10.8841	-9.5328	-2
-9.113	-10.4617	-2
-10.2033	-9.0209	-2
-9.1696	-10.5572	-2
-10.0935	-9.0044	-2
-10.7892	-10.6141	-2
-9.6701	-10.944	-2
-9.9251	-10.9972	-2
-10.1831	-9.0169	-2
-9.9401	-10.9982	-2
-9.0699	-10.3674	-2
-10.2329	-9.0275	-2
-9.8208	-10.9838	-2
-9.0869	-10.4077	-2
-10.6261	-10.7798	-2
-9.5426	-10.8893	-2
-10.9769	-10.2136	-2
-9.2114	-9.385	-2
-9.0088	-9.8678	-2
-10.4578	-9.111	-2
-9.6185	-10.9244	-2
-9.0146	-10.1702	-2
-10.3687	-10.9296	-2
-10.1064	-9.0057	-2
-10.6962	-9.2822	-2
-10.0737	-9.0027	-2
-10.4431	-9.1035	-2
-9.7202	-9.04	-2
-10.4425	-9.1032	-2
-9.1924	-10.5898	-2
-10.1701	-9.0146	-2
-10.4319	-10.9019	-2
-9.2828	-10.6969	-2
-9.2629	-9.3242	-2
-9.3163	-10.7298	-2
-9.1286	-10.4905	-2
-9.1007	-10.4373	-2
-9.0747	-9.6208	-2
-10.6664	-9.2544	-2
-10.5084	-10.8611	-2
-10.9518	-9.6933	-2
-10.9143	-9.5949	-2
-9.0828	-9.6015	-2
-9.2253	-9.3676	-2
-9.5482	-9.1079	-2
-9.9658	-9.0006	-2
-9.6838	-9.0513	-2
-10.7851	-10.6193	-2
-10.0043	-11.0	-2
-9.0044	-9.9064	-2
-9.0255	-9.7757	-2
-10.5501	-9.1649	-2
-10.9969	-10.0785	-2
-9.2875	-9.2984	-2
-10.1958	-10.9807	-2
-10.1605	-10.987	-2
-10.9068	-9.5784	-2
-9.6179	-9.0759	-2
-10.409	-10.9125	-2
-10.7882	-9.3846	-2
-10.3477	-10.9376	-2
-10.939	-9.6562	-2
-9.0001	-10.015	-2
-9.4247	-9.1821	-2
-9.1657	-10.5513	-2
-9.1414	-10.5127	-2
-10.2615	-9.0348	-2
-10.9951	-9.9013	-2
-9.2846	-10.6987	-2
-9.0567	-9.668	-2
-9.5477	-10.8919	-2
-10.9754	-10.2204	-2
-9.1032	-10.4424	-2
-9.0051	-9.8987	-2
-10.9976	-10.069	-2
-9.2794	-10.6934	-2
-10.568	-9.1769	-2
-9.4756	-10.8515	-2
-9.8291	-9.0147	-2
-9.1103	-10.4566	-2
-10.9926	-10.1211	-2
-10.1487	-10.9889	-2
-9.1136	-9.5371	-2
-9.0128	-9.8406	-2
-10.7578	-10.6525	-2
-10.2595	-10.9657	-2
-10.0946	-9.0045	-2
-9.5835	-9.0909	-2
-10.9149	-9.5963	-2
-9.2973	-10.7115	-2
-9.3563	-9.2347	-2
-10.5941	-10.8044	-2
-9.3514	-10.7611	-2
-9.0305	-10.2451	-2
-10.1909	-9.0184	-2
-9.8303	-9.0145	-2
-10.0878	-9.0039	-2
-10.6394	-9.2311	-2
-9.7779	-9.025	-2
-9.9386	-10.9981	-2
-9.1527	-9.4689	-2
-9.6663	-10.9427	-2
-10.7766	-10.63	-2
-9.3467	-9.2429	-2
-10.2889	-10.9574	-2
-10.1209	-10.9927	-2
-9.2245	-9.3687	-2
-9.8403	-9.0128	-2
-9.0309	-9.7532	-2
-10.1064	-9.0057	-2
-10.9748	-10.2232	-2
-9.4467	-10.833	-2
-10.2608	-10.9654	-2
-9.0005	-9.9673	-2
-10.4207	-10.9072	-2
-10.9983	-10.0584	-2
-9.0903	-10.4153	-2
-11.0	-9.9995	-2
-9.1564	-10.537	-2
-9.1675	-10.554	-2
-10.9151	-10.4033	-2
-9.164	-10.5487	-2
-9.0457	-9.7013	-2
-9.7049	-9.0445	-2
-9.3031	-10.7172	-2
-10.2713	-10.9625	-2
-10.5891	-10.8081	-2
-9.7674	-10.9726	-2
-10.8989	-9.5619	-2
-9.6002	-10.9166	-2
-10.945	-9.6729	-2
-9.9561	-9.001	-2
-9.4021	-10.8016	-2
-9.6666	-9.0572	-2
-9.085	-9.5965	-2
-10.3146	-9.0508	-2
-10.3461	-10.9382	-2
-10.9587	-9.7157	-2
-9.0148	-9.8287	-2
-9.2212	-9.3728	-2
-10.9842	-10.1771	-2
-10.4331	-10.9013	-2
-10.2393	-10.971	-2
-9.0438	-10.2928	-2
-10.935	-10.3547	-2
-10.2595	-9.0343	-2
-9.1758	-10.5664	-2
-10.7689	-9.3606	-2
-10.7175	-9.3035	-2
-9.1694	-9.4432	-2
-9.5264	-9.1192	-2
-9.0044	-10.094	-2
-9.3212	-9.2657	-2
-10.3699	-9.0709	-2
-9.7698	-9.0269	-2
-10.9927	-9.8792	-2
-9.071	-9.6299	-2
-9.0038	-9.9133	-2
-10.2248	-9.0256	-2
-10.3889	-10.9213	-2
-9.6659	-10.9425	-2
-9.0156	-9.8241	-2
-10.9918	-10.1278	-2
-10.9989	-10.0461	-2
-9.9671	-9.0005	-2
-10.9187	-10.3949	-2
-10.9911	-10.1334	-2
-9.0867	-10.4072	-2
-10.6361	-9.2284	-2
-9.0268	-10.2301	-2
-9.6297	-10.9289	-2
-10.2611	-9.0347	-2
-9.1226	-9.5202	-2
-10.9995	-9.9678	-2
-10.1375	-9.0095	-2
-9.1995	-9.4007	-2
-10.1117	-9.0063	-2
-9.4491	-10.8346	-2
-10.3788	-10.9255	-2
-10.0454	-10.999	-2
-9.8835	-10.9932	-2
-10.2458	-9.0307	-2
-9.4975	-9.1354	-2
-9.1593	-9.4585	-2
-10.2756	-10.9613	-2
-9.0046	-9.904	-2
-10.1484	-10.9889	-2
-10.2005	-9.0203	-2
-9.1564	-10.537	-2
-9.0224	-10.2104	-2
-10.9813	-10.1927	-2
-9.0768	-9.6157	-2
-9.1506	-10.5278	-2
-10.868	-10.4966	-2
-10.8875	-10.4608	-2
-9.0541	-9.6755	-2
-10.0872	-10.9962	-2
-9.8193	-9.0165	-2
-10.1465	-9.0108	-2
-10.4702	-10.8825	-2
-10.1224	-9.0075	-2
-9.8334	-10.986	-2
-9.8307	-10.9856	-2
-10.8972	-9.5583	-2
-10.9952	-9.9026	-2
-10.9521	-9.6942	-2
-10.8527	-10.5224	-2
-9.071	-10.37	-2
-9.7382	-9.0349	-2
-9.977	-10.9997	-2
-9.0004	-9.9735	-2
-10.9133	-10.4074	-2
-10.9151	-9.5967	-2
-10.5582	-10.8297	-2
-10.3985	-9.0828	-2
-10.59	-10.8074	-2
-10.6801	-9.2669	-2
-10.1174	-10.9931	-2
-9.0744	-10.3784	-2
-9.6257	-10.9273	-2
-10.9225	-10.3861	-2
-10.3011	-10.9536	-2
-9.2062	-9.3918	-2
-10.7346	-9.3215	-2
-10.7462	-9.3343	-2
-9.1706	-9.4413	-2
-9.2826	-9.3033	-2
-9.0142	-10.1682	-2
-9.6779	-10.9467	-2
-10.642	-10.7667	-2
-10.5044	-9.1365	-2
-9.1194	-10.4738	-2
-9.3625	-10.7704	-2
-10.4655	-10.885	-2
-10.5766	-9.183	-2
-10.9228	-9.6147	-2
-10.3534	-9.0645	-2
-9.3589	-10.7675	-2
-9.0646	-9.6464	-2
-9.6516	-9.0626	-2
-10.3426	-9.0605	-2
-9.6938	-9.048	-2
-10.7005	-10.7136	-2
-10.9785	-10.2061	-2
-10.0241	-10.9997	-2
-10.7966	-10.6045	-2
-10.6787	-9.2656	-2
-10.4382	-10.8989	-2
-10.9663	-10.2575	-2
-9.1054	-9.5531	-2
-9.2417	-10.6519	-2
-10.7396	-10.673	-2
-9.9728	-9.0004	-2
-10.9461	-9.6762	-2
-10.9627	-10.2705	-2
-10.0998	-10.995	-2
-10.0604	-9.0018	-2
-10.1196	-9.0072	-2
-10.9399	-10.3415	-2
-10.762	-10.6476	-2
-10.9878	-9.8441	-2
-9.6426	-10.9339	-2
-10.407	-10.9134	-2
-10.2167	-9.0238	-2
-9.8216	-10.9839	-2
-10.7001	-10.7141	-2
-9.1187	-9.5274	-2
-10.9894	-9.8548	-2
-9.8111	-9.018	-2
-10.9111	-10.4123	-2
-10.6956	-10.7184	-2
-9.1763	-10.567	-2
-9.9963	-9.0	-2
-10.7371	-10.6758	-2
-9.83	-9.0145	-2
-9.672	-10.9447	-2
-10.8743	-10.4854	-2
-10.3699	-9.0709	-2
-10.7791	-10.627	-2
-10.9883	-9.8477	-2
-10.9792	-10.203	-2
-9.1714	-10.5598	-2
-9.8624	-9.0095	-2
-10.0137	-9.0001	-2
-10.9808	-9.8047	-2
-9.3819	-9.2139	-2
-9.0603	-9.6581	-2
-9.4119	-10.8088	-2
-10.4185	-10.9082	-2
-9.538	-10.8869	-2
-9.7821	-10.976	-2
-9.6343	-9.0693	-2
-10.109	-10.994	-2
-10.1215	-10.9926	-2
-10.6317	-9.2248	-2
-10.2152	-9.0234	-2
-9.0565	-9.6685	-2
-10.9721	-10.2345	-2
-10.9082	-10.4186	-2
-10.9945	-9.8957	-2
-9.8225	-10.9841	-2
-10.9999	-9.987	-2
-10.9722	-10.2342	-2
-9.0227	-9.7882	-2
-10.2847	-10.9586	-2
-10.3105	-9.0494	-2
-9.0192	-10.1948	-2
-10.1488	-10.9889	-2
-9.0711	-9.6297	-2
-9.1731	-10.5623	-2
-9.2247	-10.6315	-2
-10.5434	-9.1605	-2
-10.2589	-10.9659	-2
-9.2827	-9.3033	-2
-10.7754	-10.6315	-2
-10.2994	-9.0459	-2
-9.0742	-10.3779	-2
-9.8128	-10.9823	-2
-9.082	-10.3966	-2
-9.7154	-9.0414	-2
-9.9044	-9.0046	-2
-9.5558	-9.1041	-2
-9.1022	-10.4405	-2
-10.1828	-9.0168	-2
-9.0581	-10.336	-2
-10.516	-10.8566	-2
-10.8953	-10.4454	-2
-9.774	-10.9741	-2
-9.6991	-10.9536	-2
-10.981	-10.1938	-2
-10.0135	-10.9999	-2
-10.7715	-10.6363	-2
-10.9536	-10.3011	-2
-9.1205	-9.524	-2
-10.9294	-10.369	-2
-10.1278	-10.9918	-2
-9.0217	-10.207	-2
-10.1277	-9.0082	-2
-10.0258	-10.9997	-2
-9.1859	-10.5807	-2
-9.1907	-10.5874	-2
-10.9761	-9.7827	-2
-9.6664	-9.0573	-2
-10.4324	-9.0983	-2
-10.3271	-10.945	-2
-10.815	-9.4206	-2
-10.9392	-10.3434	-2
-10.725	-10.6887	-2
-10.9723	-10.2339	-2
-9.4486	-10.8342	-2
-9.7798	-10.9755	-2
-10.1133	-9.0064	-2
-9.5354	-10.8855	-2
-10.9845	-9.8247	-2
-10.3275	-9.0552	-2
-10.8391	-9.456	-2
-9.115	-9.5344	-2
-9.3336	-10.7456	-2
-10.7426	-10.6698	-2
-9.001	-10.0455	-2
-9.4884	-10.8592	-2
-9.7259	-9.0383	-2
-9.6903	-10.9508	-2
-9.9731	-10.9996	-2
-9.9309	-9.0024	-2
-10.9951	-9.9007	-2
-9.0129	-9.84	-2
-10.5504	-9.1651	-2
-10.1066	-10.9943	-2
-10.6472	-10.7623	-2
-10.999	-10.0444	-2
-10.9997	-9.9755	-2
-9.0592	-9.6609	-2
-9.3392	-10.7505	-2
-9.1124	-10.4607	-2
-10.9344	-9.6438	-2
-9.5761	-9.0943	-2
-9.0	-9.9982	-2
-9.1045	-10.445	-2
-10.1632	-10.9866	-2
-10.433	-9.0986	-2
-10.563	-10.8265	-2
-10.9853	-9.829	-2
-9.5172	-10.8757	-2
-9.1418	-10.5133	-2
-10.7404	-10.6721	-2
-10.9629	-9.7302	-2
-10.8019	-10.5975	-2
-10.0759	-9.0029	-2
-9.0102	-10.1427	-2
-9.8046	-9.0193	-2
-10.9271	-10.3749	-2
-9.8605	-10.9902	-2
-9.9851	-9.0001	-2
-10.8162	-9.4223	-2
-10.9998	-10.0204	-2
-9.9367	-9.002	-2
-9.6196	-9.0752	-2
-10.9768	-9.7856	-2
-9.0292	-10.24	-2
-9.4296	-10.8214	-2
-9.6634	-9.0584	-2
-10.4589	-9.1115	-2
-10.7867	-9.3827	-2
-10.9781	-9.7917	-2
-9.3982	-9.2014	-2
-10.9311	-9.6353	-2
-9.7816	-10.9759	-2
-10.9997	-10.0253	-2
-9.1374	-10.5059	-2
-10.5281	-10.8492	-2
-10.9959	-9.9095	-2
-9.9682	-10.9995	-2
-9.1443	-9.4825	-2
-10.8084	-10.5887	-2
-10.9954	-9.9041	-2
-10.9229	-10.3849	-2
-9.4535	-9.1625	-2
-10.7237	-10.6901	-2
-9.2438	-10.6543	-2
-10.5926	-9.1945	-2
-9.576	-10.9057	-2
-9.7079	-9.0436	-2
-10.9764	-10.2159	-2
-9.5157	-10.8749	-2
-9.5132	-10.8735	-2
-9.0105	-10.1448	-2
-9.1785	-10.5702	-2
-9.1116	-10.459	-2
-9.571	-9.0967	-2
-10.2738	-10.9618	-2
-9.4875	-10.8587	-2
-9.195	-9.4068	-2
-10.2294	-10.9733	-2
-9.1248	-9.5163	-2
-9.8266	-9.0151	-2
-9.1891	-10.5852	-2
-9.5149	-9.1255	-2
-9.1162	-10.4679	-2
-9.2471	-9.3419	-2
-10.725	-9.3112	-2
-9.0333	-10.2558	-2
-9.8449	-9.0121	-2
-11.0	-9.999	-2
-10.6993	-9.2852	-2
-10.9013	-9.5668	-2
-10.2515	-9.0321	-2
-10.9982	-10.0607	-2
-9.3696	-9.2237	-2
-10.9332	-9.6406	-2
-10.9986	-9.9478	-2
-9.9174	-9.0034	-2
-9.7279	-10.9623	-2
-10.9616	-9.7257	-2
-10.715	-9.3009	-2
-9.9636	-10.9993	-2
-10.9954	-10.0955	-2
-10.4234	-9.094	-2
-10.7494	-10.6621	-2
-10.2237	-10.9747	-2
-9.783	-10.9762	-2
-10.4422	-10.8969	-2
-10.6748	-9.262	-2
-9.9463	-10.9986	-2
-9.8184	-10.9834	-2
-10.7439	-9.3317	-2
-9.7923	-9.0218	-2
-9.083	-9.6011	-2
-10.4053	-10.9142	-2
-9.0611	-9.6557	-2
-9.7804	-10.9756	-2
-10.8838	-9.5321	-2
-10.8159	-10.5782	-2
-9.0015	-10.054	-2
-9.0613	-10.3448	-2
-9.1083	-10.4527	-2
-9.7717	-9.0264	-2
-10.8567	-9.4841	-2
-10.2793	-10.9602	-2
-9.9625	-9.0007	-2
-10.2736	-9.0382	-2
-9.3864	-9.2103	-2
-10.9994	-9.9656	-2
-9.4677	-10.8465	-2
-10.3976	-9.0825	-2
-9.9785	-10.9998	-2
-9.9241	-9.0029	-2
-10.8293	-10.5588	-2
-10.882	-10.4712	-2
-10.5856	-10.8106	-2
-10.5208	-9.1463	-2
-10.6815	-10.7318	-2
-10.9957	-10.0929	-2
-10.5831	-10.8124	-2
-9.6496	-10.9366	-2
-10.7704	-10.6375	-2
-9.3396	-10.7509	-2
-9.0593	-10.3393	-2
-9.0399	-9.7205	-2
-9.8876	-10.9937	-2
-10.1884	-10.9821	-2
-10.9965	-10.0838	-2
-9.1102	-10.4563	-2
-9.3396	-10.7509	-2
-9.0934	-9.578	-2
-10.5866	-9.1901	-2
-10.5253	-9.1491	-2
-10.9779	-10.2092	-2
-9.0603	-10.3419	-2
-9.0136	-10.1646	-2
-10.0438	-10.999	-2
-10.5634	-9.1738	-2
-10.3385	-9.059	-2
-10.9453	-9.6738	-2
-10.0399	-9.0008	-2
-9.8796	-9.0073	-2
-9.3443	-9.245	-2
-10.17	-9.0146	-2
-10.4926	-10.8702	-2
-10.2657	-10.9641	-2
-10.7961	-9.3948	-2
-9.7675	-9.0274	-2
-9.2258	-10.633	-2
-10.9904	-9.862	-2
-9.0149	-9.828	-2
-10.9087	-9.5826	-2
-10.4296	-9.097	-2
-9.0	-10.0054	-2
-9.0459	-10.2993	-2
-10.9997	-9.9746	-2
-10.2329	-9.0275	-2
-10.7793	-9.3733	-2
-10.9135	-9.5931	-2
-10.6133	-9.2101	-2
-9.4001	-9.1999	-2
-10.5009	-10.8655	-2
-9.0283	-9.7637	-2
-10.9935	-9.8866	-2
-9.0112	-9.8508	-2
-9.4824	-9.1444	-2
-10.8255	-10.5644	-2
-10.5113	-9.1406	-2
-9.0304	-10.2447	-2
-9.1395	-9.4906	-2
-9.1509	-9.4718	-2
-10.865	-10.5017	-2
-10.6518	-10.7584	-2
-10.842	-9.4606	-2
-9.3804	-9.2151	-2
-9.1816	-10.5747	-2
-10.4278	-9.0961	-2
-10.1351	-9.0092	-2
-9.8268	-10.9849	-2
-9.8939	-9.0056	-2
-10.9984	-10.0567	-2
-9.2112	-9.3853	-2
-9.9416	-10.9983	-2
-9.5516	-9.1061	-2
-9.0891	-9.5873	-2
-10.8588	-10.5123	-2
-10.9795	-9.7983	-2
-10.8134	-10.5818	-2
-9.371	-9.2226	-2
-9.0086	-10.1308	-2
-9.7266	-9.0381	-2
-9.3734	-9.2207	-2
-10.6552	-9.2446	-2
-10.7967	-9.3956	-2
-9.753	-9.031	-2
-9.7934	-10.9784	-2
-10.8574	-10.5146	-2
-9.0273	-9.7681	-2
-10.6276	-9.2215	-2
-9.0977	-9.5688	-2
-9.6371	-9.0682	-2
-9.9618	-10.9993	-2
-9.623	-9.0738	-2
-9.2952	-10.7094	-2
-10.1044	-10.9945	-2
-10.4398	-9.1019	-2
-10.5801	-9.1854	-2
-10.9329	-10.36	-2
-10.9945	-10.1052	-2
-10.835	-9.4498	-2
-9.9033	-10.9953	-2
-9.096	-9.5724	-2
-10.5929	-10.8053	-2
-9.2867	-10.7009	-2
-9.9653	-10.9994	-2
-10.0434	-9.0009	-2
-9.0082	-9.872	-2
-10.0243	-9.0003	-2
-9.0557	-9.6708	-2
-10.9692	-10.2461	-2
-9.2007	-10.6009	-2
-9.4063	-9.1953	-2
-10.2965	-10.955	-2
-9.964	-9.0006	-2
-9.5362	-9.1141	-2
-10.7629	-10.6465	-2
-9.9132	-9.0038	-2
-10.3571	-9.0659	-2
-9.0126	-10.1585	-2
-10.8161	-10.5779	-2
-10.9654	-9.7392	-2
-9.8037	-9.0195	-2
-9.2647	-10.6778	-2
-10.9957	-10.0923	-2
-9.1977	-9.4031	-2
-9.4366	-10.8262	-2
-9.4271	-9.1804	-2
-9.5372	-9.1135	-2
-9.0091	-9.8657	-2
-9.2058	-9.3923	-2
-10.8902	-9.5444	-2
-10.3904	-9.0793	-2
-9.7101	-10.9571	-2
-9.0065	-10.1135	-2
-10.9912	-10.1322	-2
-9.0028	-10.0746	-2
-9.1267	-9.5129	-2
-9.0093	-9.8642	-2
-9.2073	-10.6096	-2
-9.0372	-10.2704	-2
-10.9807	-9.8045	-2
-10.9986	-9.9469	-2
-9.0686	-10.3639	-2
-10.9854	-9.8297	-2
-10.7043	-9.2901	-2
-9.4192	-10.814	-2
-9.2522	-10.6639	-2
-9.0055	-10.1043	-2
-9.9639	-9.0007	-2
-10.9426	-10.3339	-2
-10.3089	-9.0489	-2
-9.7223	-10.9607	-2
-9.1802	-9.4274	-2
-10.7752	-9.3683	-2
-10.817	-9.4233	-2
-9.0297	-9.7582	-2
-10.9876	-9.8433	-2
-10.9906	-9.8635	-2
-9.0973	-9.5697	-2
-10.5569	-9.1695	-2
-10.3336	-9.0573	-2
-9.6563	-10.9391	-2
-10.9996	-9.9732	-2
-10.558	-9.1701	-2
-10.8787	-9.5226	-2
-9.6061	-10.9192	-2
-10.9717	-10.2361	-2
-10.0946	-9.0045	-2
-9.7889	-9.0225	-2
-10.875	-9.5159	-2
-10.0237	-9.0003	-2
-9.3664	-10.7736	-2
-9.2171	-10.6221	-2
-10.4702	-10.8826	-2
-10.4737	-10.8807	-2
-10.8714	-9.5094	-2
-9.0184	-10.1911	-2
-9.0037	-10.0865	-2
-9.8555	-10.9895	-2
-9.9654	-9.0006	-2
-10.1479	-9.011	-2
-9.2409	-10.651	-2
-9.3072	-9.2789	-2
-10.7531	-9.3421	-2
-9.1233	-10.4811	-2
-10.7796	-10.6263	-2
-10.1549	-10.9879	-2
-10.6019	-9.2014	-2
-9.0305	-9.7549	-2
-9.8968	-9.0053	-2
-10.596	-9.197	-2
-9.0056	-10.1056	-2
-10.996	-10.0891	-2
-10.1635	-9.0135	-2
-9.9908	-11.0	-2
-9.2377	-10.6473	-2
-9.0944	-9.5758	-2
-10.9218	-9.6124	-2
-9.5946	-9.0859	-2
-9.1947	-9.4072	-2
-9.5758	-9.0944	-2
-10.7582	-9.348	-2
-9.6875	-10.9499	-2
-9.1713	-10.5597	-2
-9.4482	-9.166	-2
-10.9959	-10.0907	-2
-9.7168	-9.0409	-2
-10.4961	-10.8683	-2
-10.2817	-9.0405	-2
-9.4308	-9.1778	-2
-9.2649	-10.678	-2
-10.9771	-9.7873	-2
-10.9589	-9.7161	-2
-9.006	-9.8904	-2
-10.8311	-10.5561	-2
-10.7869	-9.3829	-2
-9.1939	-10.5917	-2
-10.1521	-9.0116	-2
-9.0062	-9.8885	-2
-9.4463	-10.8327	-2
-10.9416	-9.6632	-2
-9.6179	-10.9241	-2
-9.8911	-9.006	-2
-10.5035	-10.864	-2
-10.1188	-9.0071	-2
-10.153	-10.9882	-2
-10.1104	-10.9939	-2
-10.7648	-9.3558	-2
-10.641	-10.7675	-2
-10.0028	-11.0	-2
-9.5664	-10.9011	-2
-10.9531	-10.3028	-2
-10.9346	-10.3556	-2
-10.8251	-9.435	-2
-10.9743	-10.2255	-2
-9.9674	-10.9995	-2
-9.8987	-9.0051	-2
-10.66	-9.2488	-2
-10.9394	-10.3428	-2
-10.0952	-9.0045	-2
-9.793	-10.9783	-2
-9.9449	-10.9985	-2
-9.5119	-9.1272	-2
-9.0903	-10.4153	-2
-10.8404	-9.458	-2
-9.6441	-9.0655	-2
-9.0531	-10.3216	-2
-10.3169	-9.0515	-2
-11.0	-10.0032	-2
-9.2107	-9.386	-2
-9.0	-9.9953	-2
-9.3594	-10.7679	-2
-9.0	-10.0086	-2
-9.1588	-9.4593	-2
-10.46	-9.1121	-2
-9.4707	-10.8484	-2
-9.1525	-10.5308	-2
-9.7003	-9.046	-2
-10.3212	-10.947	-2
-9.8741	-10.992	-2
-10.3026	-10.9531	-2
-10.5632	-10.8263	-2
-10.6234	-9.2181	-2
-9.0003	-10.0259	-2
-9.9494	-10.9987	-2
-10.4462	-10.8949	-2
-10.9424	-9.6655	-2
-9.0008	-9.9594	-2
-10.5091	-9.1393	-2
-10.0732	-10.9973	-2
-10.9991	-9.9575	-2
-10.2418	-10.9703	-2
-9.5378	-9.1132	-2
-10.6903	-10.7235	-2
-10.1457	-9.0107	-2
-9.1294	-10.4921	-2
-10.7501	-10.6613	-2
-10.6289	-10.7775	-2
-10.9552	-10.2959	-2
-9.3017	-10.7158	-2
-9.2242	-10.6309	-2
-9.0523	-9.6807	-2
-9.001	-9.9561	-2
-9.1227	-9.52	-2
-10.0386	-9.0007	-2
-10.6647	-10.7471	-2
-9.4266	-10.8193	-2
-10.6525	-9.2422	-2
-10.9307	-10.3657	-2
-9.0791	-10.3898	-2
-10.935	-10.3546	-2
-9.4795	-9.1461	-2
-10.3006	-10.9537	-2
-9.7949	-10.9787	-2
-9.0014	-9.9466	-2
-9.8552	-9.0105	-2
-10.99	-9.859	-2
-9.4479	-10.8338	-2
-10.9157	-10.4019	-2
-10.0759	-10.9971	-2
-9.6873	-9.0502	-2
-9.3785	-10.7834	-2
-9.8622	-9.0095	-2
-10.9878	-10.1555	-2
-10.9204	-10.3909	-2
-10.9592	-9.7172	-2
-10.7675	-10.6411	-2
-9.86	-9.0098	-2
-10.4087	-10.9127	-2
-10.9743	-10.2251	-2
-9.0985	-10.4328	-2
-9.4425	-10.8302	-2
-10.5325	-10.8464	-2
-9.0455	-9.7019	-2
-9.0018	-9.9398	-2
-10.3356	-9.058	-2
-9.0031	-9.9214	-2
-10.9066	-10.422	-2
-9.581	-9.092	-2
-9.3528	-10.7623	-2
-10.4771	-10.8789	-2
-9.6811	-10.9478	-2
-9.1228	-9.52	-2
-10.9882	-9.8467	-2
-10.2225	-10.9749	-2
-9.3412	-9.2477	-2
-9.6472	-10.9357	-2
-9.4484	-10.8341	-2
-9.2254	-10.6325	-2
-10.4971	-10.8677	-2
-9.1629	-9.453	-2
-10.8826	-10.4701	-2
-10.0333	-10.9994	-2
-10.6423	-9.2335	-2
-9.0008	-9.9607	-2
-9.0162	-10.1792	-2
-9.0295	-10.2413	-2
-10.3213	-10.947	-2
-10.095	-9.0045	-2
-10.3969	-9.0821	-2
-9.9195	-9.0032	-2
-9.2419	-9.3478	-2
-9.9429	-9.0016	-2
-9.728	-9.0377	-2
-9.8188	-10.9835	-2
-10.0076	-9.0	-2
-10.604	-10.797	-2
-9.2904	-10.7046	-2
-10.4815	-10.8764	-2
-10.9133	-10.4073	-2
-10.2934	-10.956	-2
-10.7864	-10.6177	-2
-9.9641	-9.0006	-2
-10.0283	-10.9996	-2
-10.5193	-9.1454	-2
-10.9667	-10.2561	-2
-9.0199	-10.1987	-2
-9.764	-9.0283	-2
-10.9783	-10.207	-2
-10.7401	-10.6725	-2
-10.7044	-9.2902	-2
-10.9079	-10.4192	-2
-9.0002	-10.0205	-2
-9.0289	-9.7614	-2
-9.0046	-9.9039	-2
-9.0034	-10.0825	-2
-9.1842	-9.4217	-2
-9.0032	-10.0797	-2
-9.734	-9.036	-2
-10.5738	-10.819	-2
-10.902	-9.5683	-2
-10.9149	-9.5964	-2
-9.5141	-10.874	-2
-9.3157	-9.2708	-2
-9.3119	-9.2743	-2
-9.3326	-10.7447	-2
-9.3229	-10.7358	-2
-9.3013	-9.2846	-2
-9.2586	-10.6711	-2
-10.6771	-10.7359	-2
-10.6093	-10.793	-2
-9.2453	-9.3439	-2
-9.0552	-9.6725	-2
-9.0047	-9.9028	-2
-9.0206	-10.2017	-2
-10.8121	-10.5835	-2
-10.9043	-9.5731	-2
-9.0449	-10.2963	-2
-10.4051	-10.9143	-2
-9.1681	-9.4451	-2
-9.3202	-9.2666	-2
-10.7431	-10.6692	-2
-9.4392	-10.8279	-2
-10.706	-10.7082	-2
-10.25	-9.0318	-2
-10.9973	-10.0728	-2
-9.0271	-9.7689	-2
-10.9859	-10.1671	-2
-9.6365	-9.0684	-2
-9.9807	-9.0002	-2
-10.2343	-10.9722	-2
-9.2362	-9.3545	-2
-10.0459	-10.9989	-2
-10.9307	-10.3657	-2
-10.3352	-10.9422	-2
-9.2912	-9.2946	-2
-9.9591	-10.9992	-2
-9.1859	-9.4193	-2
-10.312	-9.0499	-2
-9.2046	-9.3939	-2
-10.7328	-10.6804	-2
-10.3706	-10.9288	-2
-9.0271	-9.7688	-2
-9.0661	-9.6425	-2
-10.8427	-9.4616	-2
-10.9555	-9.7051	-2
-10.5447	-10.8386	-2
-9.0331	-10.255	-2
-9.4787	-10.8534	-2
-10.9641	-9.7344	-2
-10.839	-9.4558	-2
-9.1233	-9.5189	-2
-9.3801	-10.7847	-2
-10.8568	-9.4843	-2
-9.6442	-9.0655	-2
-10.4955	-9.1314	-2
-9.0801	-9.6079	-2
-9.1728	-10.5619	-2
-9.7473	-10.9676	-2
-9.4146	-9.1893	-2
-9.6579	-9.0603	-2
-10.2511	-9.032	-2
-10.9744	-10.2246	-2
-10.8165	-9.4226	-2
-9.3848	-10.7884	-2
-10.4956	-10.8685	-2
-10.2719	-9.0377	-2
-9.1513	-10.5289	-2
-9.5668	-9.0987	-2
-9.0006	-9.9663	-2
-10.8379	-9.4542	-2
-10.0949	-9.0045	-2
-9.1372	-9.4945	-2
-9.8364	-9.0135	-2
-9.6459	-10.9352	-2
-10.9864	-10.1643	-2
-10.4323	-9.0983	-2
-10.0693	-10.9976	-2
-10.8747	-9.5154	-2
-10.9792	-10.2031	-2
-10.9849	-10.173	-2
-10.951	-9.6909	-2
-10.3021	-10.9533	-2
-10.2254	-9.0257	-2
-9.6042	-9.0817	-2
-10.8705	-9.5078	-2
-10.6539	-10.7565	-2
-9.6237	-9.0735	-2
-10.5049	-10.8632	-2
-11.0	-10.0004	-2
-9.7347	-9.0358	-2
-9.4695	-9.1523	-2
-10.946	-9.6758	-2
-10.381	-10.9246	-2
-10.0792	-10.9969	-2
-9.073	-10.375	-2
-10.4924	-10.8704	-2
-10.9975	-10.0707	-2
-9.0278	-10.2342	-2
-10.7174	-9.3033	-2
-9.3564	-9.2346	-2
-10.9519	-9.6937	-2
-9.5884	-10.9114	-2
-10.0751	-10.9972	-2
-9.0643	-9.6471	-2
-9.7344	-10.9641	-2
-10.9285	-9.6287	-2
-10.8449	-10.5349	-2
-10.3296	-9.0559	-2
-9.6951	-9.0476	-2
-10.8696	-9.5062	-2
-10.4299	-9.0971	-2
-9.2296	-9.3625	-2
-10.7696	-9.3615	-2
-9.3547	-9.2361	-2
-10.7365	-10.6764	-2
-10.9892	-10.1466	-2
-10.8926	-10.4508	-2
-10.8041	-9.4056	-2
-9.6852	-10.9492	-2
-10.5824	-10.8129	-2
-10.7995	-10.6007	-2
-10.852	-10.5236	-2
-10.9807	-10.1956	-2
-10.6195	-10.785	-2
-10.3985	-9.0828	-2
-10.9194	-9.6066	-2
-10.7016	-10.7125	-2
-10.5621	-10.827	-2
-10.837	-10.5472	-2
-10.7207	-10.6932	-2
-9.3128	-9.2736	-2
-10.9445	-9.6714	-2
-9.1902	-9.4133	-2
-10.5741	-9.1812	-2
-9.5547	-10.8954	-2
-10.9992	-10.0405	-2
-9.0042	-10.092	-2
-9.0528	-9.6792	-2
-9.4759	-10.8516	-2
-10.1161	-10.9932	-2
-10.8504	-9.4739	-2
-10.9825	-10.1861	-2
-10.9197	-10.3927	-2
-9.4487	-10.8343	-2
-9.9718	-9.0004	-2
-10.2418	-9.0297	-2
-9.3319	-10.7441	-2
-10.9991	-10.0435	-2
-10.9768	-9.786	-2
-10.3607	-9.0673	-2
-10.8239	-10.5668	-2
-9.5562	-10.8961	-2
-9.1672	-10.5536	-2
-10.9446	-10.3281	-2
-9.7961	-10.979	-2
-10.4311	-9.0977	-2
-9.0497	-10.3114	-2
-10.8996	-10.4368	-2
-10.5721	-9.1798	-2
-10.2148	-9.0233	-2
-9.9655	-9.0006	-2
-9.0036	-10.0844	-2
-9.8729	-10.9919	-2
-9.1865	-9.4185	-2
-10.7197	-10.6943	-2
-9.2828	-9.3032	-2
-10.5129	-10.8584	-2
-10.4018	-10.9157	-2
-10.799	-10.6014	-2
-10.9882	-10.1532	-2
-9.1235	-9.5186	-2
-9.5307	-9.117	-2
-9.6498	-10.9367	-2
-9.0041	-10.0904	-2
-9.1913	-10.5882	-2
-9.2932	-9.2926	-2
-10.298	-10.9546	-2
-9.431	-9.1777	-2
-10.868	-10.4965	-2
-10.8928	-9.5496	-2
-9.0224	-10.2105	-2
-10.9303	-9.6333	-2
-9.9256	-10.9972	-2
-10.2379	-9.0287	-2
-9.8192	-10.9835	-2
-10.062	-10.9981	-2
-10.2698	-9.0371	-2
-10.6377	-10.7703	-2
-9.1578	-10.5391	-2
-10.8052	-10.5929	-2
-9.0585	-10.3371	-2
-9.1453	-10.5192	-2
-9.7414	-9.034	-2
-10.8601	-9.49	-2
-9.0802	-9.6077	-2
-10.9544	-10.2984	-2
-10.9924	-10.1234	-2
-10.52	-9.1458	-2
-9.306	-9.28	-2
-9.3634	-9.2288	-2
-9.9817	-9.0002	-2
-9.4306	-9.1779	-2
-10.9946	-10.1039	-2
-10.9967	-10.0812	-2
-10.0424	-9.0009	-2
-10.8943	-10.4474	-2
-10.9972	-10.0744	-2
-9.9265	-9.0027	-2
-10.2956	-10.9553	-2
-9.0858	-10.4053	-2
-9.4001	-9.1999	-2
-9.08	-9.608	-2
-10.8078	-10.5895	-2
-10.8101	-9.4137	-2
-10.8061	-10.5918	-2
-10.6519	-10.7583	-2
-9.3856	-10.789	-2
-10.7175	-10.6965	-2
-9.1399	-9.4899	-2
-10.5688	-10.8225	-2
-9.0949	-10.4252	-2
-10.9993	-10.037	-2
-9.5546	-10.8954	-2
-9.3295	-9.2581	-2
-9.515	-10.8745	-2
-9.44	-10.8285	-2
-10.9997	-10.0228	-2
-10.8863	-9.5368	-2
-9.3791	-9.2161	-2
-9.0658	-9.6433	-2
-9.498	-10.8648	-2
-10.9095	-9.5844	-2
-9.3372	-9.2512	-2
-10.8864	-9.5371	-2
-10.5963	-9.1972	-2
-9.2698	-9.3168	-2
-10.6182	-10.786	-2
-9.8316	-10.9857	-2
-9.0601	-9.6585	-2
-9.1852	-9.4203	-2
-9.2014	-10.6018	-2
-10.4646	-9.1145	-2
-10.9431	-9.6675	-2
-10.9701	-10.2428	-2
-10.2863	-10.9581	-2
-9.1468	-9.4783	-2
-10.5713	-10.8207	-2
-10.4672	-9.1159	-2
-10.2046	-10.9789	-2
-9.0674	-9.6391	-2
-9.368	-10.7749	-2
-9.1353	-10.5023	-2
-9.6139	-9.0775	-2
-10.2798	-10.9601	-2
-9.005	-9.8999	-2
-10.9385	-10.3453	-2
-9.0001	-10.0171	-2
-10.6119	-9.2091	-2
-9.0045	-10.0943	-2
-10.9154	-10.4025	-2
-10.9349	-10.3548	-2
-10.9658	-10.2593	-2
-10.5888	-9.1917	-2
-10.9458	-9.6753	-2
-9.5991	-10.9161	-2
-9.5838	-9.0907	-2
-10.5298	-10.8481	-2
-9.4939	-10.8625	-2
-10.7606	-10.6492	-2
-9.0487	-10.3084	-2
-9.9883	-10.9999	-2
-10.572	-10.8203	-2
-9.354	-10.7633	-2
-10.2468	-9.0309	-2
-10.8602	-10.5099	-2
-9.0158	-9.8231	-2
-10.7037	-10.7105	-2
-10.8637	-9.496	-2
-10.1221	-10.9925	-2
-9.2838	-9.3021	-2
-10.9084	-10.4181	-2
-10.9575	-10.2885	-2
-10.8807	-9.5263	-2
-9.782	-9.0241	-2
-9.629	-9.0714	-2
-9.4343	-9.1754	-2
-10.9398	-10.3418	-2
-9.8255	-10.9847	-2
-9.0	-10.002	-2
-9.2786	-9.3075	-2
-9.7073	-9.0438	-2
-9.0347	-10.261	-2
-9.2552	-9.3327	-2
-10.1154	-10.9933	-2
-9.3003	-10.7144	-2
-10.9998	-10.0218	-2
-9.6691	-10.9437	-2
-9.455	-9.1615	-2
-9.8291	-9.0147	-2
-9.8454	-10.988	-2
-10.4838	-10.8752	-2
-9.6681	-10.9433	-2
-9.3372	-9.2512	-2
-9.6864	-9.0504	-2
-9.0074	-10.1212	-2
-10.2784	-9.0395	-2
-10.1665	-10.986	-2
-10.6416	-9.233	-2
-10.9984	-10.0574	-2
-9.4815	-9.1449	-2
-10.1973	-10.9803	-2
-10.2073	-10.9783	-2
-9.0115	-10.1515	-2
-10.0416	-9.0009	-2
-10.9955	-9.905	-2
-10.7054	-10.7088	-2
-10.9466	-10.3223	-2
-10.967	-9.745	-2
-9.5124	-10.8731	-2
-9.1947	-10.5928	-2
-9.0054	-10.104	-2
-9.0967	-9.571	-2
-9.3989	-10.7992	-2
-9.2728	-9.3136	-2
-9.8744	-10.9921	-2
-9.2328	-10.6413	-2
-9.1084	-10.4528	-2
-10.9792	-10.203	-2
-9.8788	-9.0074	-2
-9.5067	-9.1301	-2
-10.8935	-9.5509	-2
-10.8381	-9.4546	-2
-9.0038	-9.9126	-2
-9.5071	-10.8701	-2
-10.1337	-9.009	-2
-10.8285	-10.56	-2
-9.758	-10.9703	-2
-10.3617	-9.0677	-2
-9.6271	-10.9279	-2
-9.2474	-10.6585	-2
-10.3896	-9.079	-2
-10.2271	-9.0261	-2
-10.9665	-10.2567	-2
-10.9224	-9.6138	-2
-10.0896	-10.996	-2
-9.2528	-10.6646	-2
-9.7158	-10.9588	-2
-9.0161	-10.1789	-2
-10.9226	-9.6142	-2
-10.1579	-10.9874	-2
-10.9676	-10.2525	-2
-9.6176	-10.924	-2
-9.1892	-9.4147	-2
-10.9948	-10.1015	-2
-10.6102	-9.2078	-2
-10.9408	-10.3391	-2
-10.4528	-10.8916	-2
-9.2559	-9.3319	-2
-9.0159	-9.8226	-2
-10.7953	-10.6062	-2
-9.1189	-9.527	-2
-10.9443	-10.3291	-2
-9.2388	-9.3515	-2
-9.0587	-10.3377	-2
-10.0307	-9.0005	-2
-10.2245	-10.9745	-2
-10.6954	-9.2813	-2
-10.6204	-9.2158	-2
-10.9989	-9.9521	-2
-9.0089	-10.1335	-2
-10.9389	-9.6557	-2
-9.1087	-9.5465	-2
-9.078	-10.3871	-2
-9.4044	-9.1967	-2
-10.859	-9.488	-2
-9.1073	-10.4506	-2
-10.4331	-9.0987	-2
-10.0625	-9.002	-2
-10.5705	-9.1787	-2
-10.7108	-10.7034	-2
-10.9838	-9.8205	-2
-10.9622	-10.2723	-2
-10.9737	-9.7721	-2
-10.8954	-10.4452	-2
-10.8995	-10.4369	-2
-9.0161	-10.1788	-2
-10.7513	-9.3401	-2
-10.9988	-10.0498	-2
-10.9975	-9.9292	-2
-9.0986	-10.433	-2
-9.8012	-10.98	-2
-9.9422	-9.0017	-2
-9.0676	-10.3615	-2
-10.9837	-10.1799	-2
-10.1786	-10.9839	-2
-10.9791	-10.2034	-2
-9.851	-9.0112	-2
-10.9679	-9.7486	-2
-10.4573	-10.8893	-2
-9.2589	-9.3287	-2
-10.6782	-9.2651	-2
-9.2286	-10.6364	-2
-9.4958	-9.1364	-2
-10.5289	-10.8487	-2
-9.1915	-10.5886	-2
-9.061	-10.3439	-2
-9.1176	-10.4706	-2
-10.9518	-9.6934	-2
-9.0043	-9.9075	-2
-10.4479	-10.8941	-2
-10.8887	-10.4585	-2
-10.9128	-9.5916	-2
-10.6341	-10.7733	-2
-9.3409	-9.2479	-2
-9.7696	-10.9731	-2
-10.0531	-10.9986	-2
-10.7733	-10.634	-2
-10.9951	-9.9012	-2
-10.3762	-9.0735	-2
-9.4263	-10.819	-2
-9.2876	-10.7017	-2
-9.5548	-9.1046	-2
-10.2902	-10.957	-2
-10.9839	-9.8213	-2
-10.8797	-10.4754	-2
-9.8788	-9.0074	-2
-9.2959	-10.7101	-2
-9.1988	-10.5985	-2
-10.8886	-9.5414	-2
-10.9814	-9.8083	-2
-9.3653	-9.2273	-2
-10.3375	-10.9413	-2
-10.9999	-9.9881	-2
-10.912	-9.5898	-2
-9.2644	-10.6774	-2
-9.0173	-10.1853	-2
-9.8586	-9.0101	-2
-9.1126	-10.461	-2
-9.7619	-9.0288	-2
-9.5899	-9.088	-2
-9.1927	-10.5901	-2
-10.5562	-10.831	-2
-10.0905	-10.9959	-2
-10.4634	-10.8861	-2
-10.151	-10.9885	-2
-9.2982	-10.7124	-2
-9.0009	-10.0426	-2
-10.6752	-9.2624	-2
-10.3319	-10.9433	-2
-9.71	-10.957	-2
-9.0403	-10.281	-2
-10.0064	-11.0	-2
-9.0035	-10.0836	-2
-10.2229	-9.0252	-2
-10.4172	-10.9088	-2
-10.8806	-9.5261	-2
-9.6483	-9.0639	-2
-10.6735	-9.2608	-2
-9.3169	-10.7303	-2
-9.0154	-10.1747	-2
-10.0901	-9.0041	-2
-9.5397	-10.8877	-2
-10.0446	-10.999	-2
-9.26	-10.6726	-2
-10.8403	-10.5421	-2
-9.0642	-10.3524	-2
-9.0425	-10.2883	-2
-9.42	-9.1854	-2
-9.0021	-10.0642	-2
-10.3436	-10.9391	-2
-10.5091	-10.8607	-2
-10.8218	-10.5697	-2
-10.1052	-9.0055	-2
-10.9907	-10.136	-2
-10.7417	-9.3293	-2
-9.0956	-10.4267	-2
-10.9739	-10.2269	-2
-9.1264	-9.5134	-2
-10.7654	-10.6435	-2
-9.0715	-10.3714	-2
-9.9474	-9.0014	-2
-9.8368	-9.0134	-2
-11.0	-9.9957	-2
-10.3595	-10.9331	-2
-9.9049	-10.9955	-2
-9.1899	-9.4137	-2
-10.9217	-9.6122	-2
-10.9798	-9.8	-2
-10.0808	-10.9967	-2
-9.0686	-9.636	-2
-9.4192	-9.186	-2
-9.5849	-9.0902	-2
-9.8089	-9.0184	-2
-10.9517	-9.693	-2
-10.271	-10.9626	-2
-9.8659	-10.991	-2
-9.6381	-9.0678	-2
-9.0701	-10.3677	-2
-9.6621	-9.0588	-2
-10.6259	-10.7799	-2
-10.9374	-9.6518	-2
-10.5435	-10.8394	-2
-10.2176	-9.024	-2
-9.286	-9.2998	-2
-9.1578	-9.4608	-2
-9.0216	-9.7932	-2
-10.4289	-9.0967	-2
-9.3623	-10.7703	-2
-9.1042	-9.5554	-2
-10.9924	-10.1232	-2
-9.9654	-10.9994	-2
-9.8412	-9.0127	-2
-10.4146	-9.09	-2
-10.2353	-9.0281	-2
-9.9325	-9.0023	-2
-9.8496	-10.9886	-2
-9.8871	-9.0064	-2
-10.3311	-9.0564	-2
-9.7784	-10.9751	-2
-10.8701	-10.4929	-2
-9.0487	-10.3082	-2
-9.8509	-9.0112	-2
-10.0319	-10.9995	-2
-9.8292	-10.9853	-2
-10.8498	-9.4729	-2
-9.1873	-9.4173	-2
-9.8987	-9.0051	-2
-10.9615	-9.7252	-2
-9.0913	-10.4174	-2
-9.4726	-9.1504	-2
-9.7023	-9.0453	-2
-10.7557	-10.6549	-2
-10.1348	-9.0091	-2
-9.0216	-10.2068	-2
-10.2605	-9.0345	-2
-10.7798	-9.3739	-2
-9.1683	-9.4447	-2
-10.8464	-9.4675	-2
-10.5796	-9.1851	-2
-10.7617	-9.3521	-2
-9.4327	-9.1765	-2
-9.3881	-10.791	-2
-10.9189	-10.3944	-2
-9.4903	-9.1397	-2
-9.0815	-9.6045	-2
-9.1105	-10.4569	-2
-10.8612	-9.4918	-2
-9.4727	-9.1503	-2
-9.1733	-10.5626	-2
-10.8808	-10.4736	-2
-9.4475	-10.8335	-2
-10.4518	-9.1079	-2
-9.3656	-9.227	-2
-10.7743	-9.3672	-2
-10.3542	-10.9352	-2
-9.4773	-10.8525	-2
-9.836	-9.0135	-2
-9.0662	-10.3579	-2
-10.4202	-9.0926	-2
-10.178	-10.984	-2
-9.9336	-10.9978	-2
-9.6259	-9.0726	-2
-9.5457	-9.1092	-2
-10.7188	-10.6952	-2
-10.8896	-10.4567	-2
-10.1692	-9.0144	-2
-10.3034	-9.0471	-2
-10.9985	-10.0543	-2
-10.8025	-10.5966	-2
-9.2046	-10.6061	-2
-9.6909	-9.049	-2
-9.7751	-9.0256	-2
-9.1631	-10.5473	-2
-9.1277	-9.5111	-2
-9.028	-9.7648	-2
-9.0	-9.997	-2
-10.1282	-9.0083	-2
-9.1662	-9.448	-2
-9.6579	-10.9397	-2
-11.0	-10.0021	-2
-10.9987	-10.0505	-2
-10.0835	-9.0035	-2
-9.5791	-9.0929	-2
-9.202	-9.3973	-2
-9.563	-9.1005	-2
-10.5415	-9.1593	-2
-9.3953	-9.2036	-2
-9.5973	-9.0847	-2
-10.5177	-9.1445	-2
-9.8995	-9.0051	-2
-9.1277	-9.5111	-2
-9.0005	-10.0322	-2
-9.4229	-9.1833	-2
-9.8416	-10.9874	-2
-10.9723	-9.7664	-2
-9.2832	-10.6973	-2
-9.1325	-10.4975	-2
-9.0555	-10.3285	-2
-9.1545	-10.534	-2
-10.9162	-10.4007	-2
-10.9991	-10.0431	-2
-9.0082	-10.128	-2
-10.8237	-9.433	-2
-10.877	-10.4804	-2
-10.9803	-9.8026	-2
-9.6096	-10.9206	-2
-9.8493	-10.9886	-2
-10.9557	-10.2942	-2
-9.755	-10.9695	-2
-10.1775	-10.9841	-2
-10.8459	-9.4667	-2
-9.3595	-10.768	-2
-10.999	-9.9545	-2
-9.2415	-10.6517	-2
-10.8148	-9.4202	-2
-10.7778	-10.6285	-2
-9.0017	-10.0586	-2
-10.4638	-10.8859	-2
-10.931	-10.3649	-2
-10.4104	-10.9119	-2
-10.5401	-10.8416	-2
-9.0754	-9.6192	-2
-10.435	-10.9004	-2
-9.9096	-10.9959	-2
-9.4395	-10.8281	-2
-9.4399	-10.8284	-2
-10.6992	-9.2851	-2
-9.3082	-10.7221	-2
-9.3409	-10.752	-2
-10.0915	-10.9958	-2
-10.9768	-9.7859	-2
-10.0002	-9.0	-2
-9.5459	-10.891	-2
-10.9462	-10.3237	-2
-10.7857	-10.6186	-2
-9.9401	-10.9982	-2
-9.0719	-9.6276	-2
-10.63	-9.2234	-2
-10.099	-10.9951	-2
-10.4363	-9.1002	-2
-9.2898	-10.704	-2
-9.0357	-9.7352	-2
-9.013	-10.1608	-2
-10.7198	-9.3058	-2
-10.8264	-10.563	-2
-10.9496	-9.6866	-2
-9.3046	-10.7186	-2
-9.7695	-9.0269	-2
-9.1363	-9.4959	-2
-9.3468	-10.7572	-2
-9.0012	-9.9517	-2
-10.5914	-9.1936	-2
-9.2207	-10.6266	-2
-9.5532	-10.8946	-2
-9.0302	-10.2441	-2
-9.6974	-10.9531	-2
-9.5949	-9.0857	-2
-9.052	-9.6817	-2
-10.3366	-9.0583	-2
-10.9328	-10.3604	-2
-10.995	-9.9003	-2
-10.5352	-10.8447	-2
-10.056	-10.9984	-2
-9.0917	-9.5817	-2
-9.0003	-10.0241	-2
-10.967	-9.7452	-2
-10.8782	-10.4782	-2
-9.0205	-10.2014	-2
-9.223	-9.3705	-2
-9.0002	-10.0194	-2
-9.9799	-9.0002	-2
-10.0291	-10.9996	-2
-10.506	-10.8625	-2
-10.9897	-9.8565	-2
-9.1872	-10.5826	-2
-10.8329	-9.4465	-2
-9.8011	-9.02	-2
-10.9989	-9.9536	-2
-10.5194	-10.8545	-2
-10.5545	-10.8322	-2
-10.0669	-9.0022	-2
-9.0803	-10.3926	-2
-10.6824	-9.269	-2
-9.0704	-9.6313	-2
-10.89	-9.544	-2
-9.0197	-9.8022	-2
-9.0128	-9.8402	-2
-10.3719	-9.0717	-2
-10.6626	-9.251	-2
-9.1652	-9.4495	-2
-10.5776	-10.8163	-2
-10.0852	-10.9964	-2
-9.0422	-9.7125	-2
-9.9664	-10.9994	-2
-9.4798	-9.146	-2
-9.8995	-9.0051	-2
-10.4254	-9.095	-2
-10.0769	-9.003	-2
-10.3615	-9.0676	-2
-9.1461	-10.5204	-2
-10.9994	-10.0346	-2
-9.374	-10.7798	-2
-10.3328	-10.943	-2
