-10.9505	-9.6893	-2
-9.168	-10.5548	-2
-9.7625	-9.0286	-2
-10.5867	-9.1902	-2
-10.322	-10.9467	-2
-9.0687	-10.3643	-2
-10.7203	-10.6937	-2
-9.1324	-9.5028	-2
-9.9505	-9.0012	-2
-10.8335	-10.5525	-2
-9.5851	-10.9099	-2
-9.3818	-10.786	-2
-9.7616	-10.9712	-2
-9.3194	-10.7326	-2
-9.0061	-10.1102	-2
-9.3888	-10.7914	-2
-10.9707	-10.2403	-2
-9.1515	-10.5292	-2
-10.094	-9.0044	-2
-10.9392	-9.6567	-2
-9.2705	-10.684	-2
-9.3129	-9.2734	-2
-9.2755	-9.3107	-2
-10.9924	-10.123	-2
-10.9776	-9.7896	-2
-9.4306	-10.822	-2
-9.4876	-10.8588	-2
-9.7549	-9.0305	-2
-10.3055	-10.9522	-2
-10.9518	-9.6932	-2
-9.0129	-9.8401	-2
-9.1842	-9.4217	-2
-10.7036	-9.2894	-2
-10.7303	-9.3169	-2
-10.4487	-10.8937	-2
-10.9754	-9.7794	-2
-10.1601	-9.0129	-2
-10.9962	-9.9123	-2
-10.9715	-10.2371	-2
-10.9999	-9.9877	-2
-9.2157	-9.3796	-2
-10.6085	-9.2064	-2
-9.226	-9.3668	-2
-9.0957	-9.5731	-2
-10.3551	-9.0652	-2
-9.3721	-10.7783	-2
-9.1622	-10.5459	-2
-10.1092	-10.994	-2
-10.4558	-9.1099	-2
-10.792	-9.3895	-2
-10.6727	-9.2601	-2
-10.9996	-10.03	-2
-9.0825	-10.3978	-2
-10.9998	-10.0189	-2
-10.8025	-10.5966	-2
-9.0006	-10.0353	-2
-10.9457	-9.675	-2
-9.9552	-10.999	-2
-9.351	-9.2392	-2
-10.9452	-9.6735	-2
-10.6922	-10.7217	-2
-10.9835	-9.8192	-2
-9.8051	-10.9808	-2
-9.036	-9.7341	-2
-9.127	-9.5123	-2
-9.9545	-9.001	-2
-9.5557	-9.1041	-2
-9.0645	-9.6467	-2
-9.0031	-9.9207	-2
-9.1237	-9.5182	-2
-10.3347	-9.0577	-2
-10.318	-10.9481	-2
-10.9681	-9.7495	-2
-10.7929	-10.6093	-2
-9.0756	-9.6185	-2
-9.0443	-9.7056	-2
-10.7484	-9.3368	-2
-10.8276	-10.5613	-2
-9.972	-10.9996	-2
-10.7905	-10.6125	-2
-10.9364	-9.6491	-2
-10.732	-10.6813	-2
-10.2841	-10.9588	-2
-9.5998	-9.0836	-2
-9.4871	-9.1416	-2
-10.1608	-9.013	-2
-10.9578	-10.2875	-2
-9.1207	-9.5237	-2
-9.7145	-9.0416	-2
-9.031	-10.2471	-2
-10.1789	-9.0161	-2
-9.0654	-9.6442	-2
-10.3141	-9.0506	-2
-9.0695	-10.3663	-2
-9.5086	-9.1291	-2
-9.0936	-10.4223	-2
-10.0318	-9.0005	-2
-10.9985	-9.9454	-2
-9.9278	-9.0026	-2
-10.9833	-10.1818	-2
-10.621	-9.2162	-2
-9.7523	-9.0312	-2
-10.8275	-9.4385	-2
-10.386	-9.0775	-2
-10.5163	-9.1436	-2
-9.189	-9.4149	-2
-9.0783	-10.3879	-2
-10.9553	-10.2956	-2
-9.0009	-9.9582	-2
-10.2764	-9.039	-2
-9.2822	-10.6962	-2
-9.0151	-9.8269	-2
-10.7399	-10.6727	-2
-9.511	-9.1277	-2
-10.8316	-10.5554	-2
-9.0387	-9.7243	-2
-10.3512	-10.9363	-2
-9.0126	-10.1585	-2
-10.5325	-10.8464	-2
-10.1634	-10.9866	-2
-9.1983	-10.5977	-2
-9.4605	-9.158	-2
-9.5611	-10.8986	-2
-9.919	-10.9967	-2
-10.2059	-9.0214	-2
-10.5013	-10.8653	-2
-10.9009	-10.434	-2
-9.0728	-9.6254	-2
-9.9755	-9.0003	-2
-10.4955	-9.1314	-2
-10.2621	-9.035	-2
-10.5327	-10.8463	-2
-9.7559	-9.0303	-2
-10.802	-9.4027	-2
-9.952	-9.0012	-2
-10.9253	-9.6207	-2
-9.09	-9.5854	-2
-9.552	-10.894	-2
-9.3773	-9.2175	-2
-10.9017	-9.5676	-2
-10.9745	-10.2242	-2
-9.0402	-9.7195	-2
-10.5823	-10.813	-2
-9.2488	-10.6601	-2
-9.8893	-10.9939	-2
-10.8604	-9.4904	-2
-10.9293	-9.6308	-2
-9.3588	-9.2326	-2
-10.5928	-10.8054	-2
-9.3115	-9.2747	-2
-10.8745	-10.4851	-2
-9.5877	-10.911	-2
-10.024	-9.0003	-2
-9.0289	-9.7613	-2
-10.2988	-9.0457	-2
-9.8312	-10.9856	-2
-11.0	-9.9973	-2
-10.491	-9.1288	-2
-10.9988	-9.9519	-2
-10.997	-9.9223	-2
-9.148	-9.4764	-2
-9.0964	-9.5717	-2
-10.3045	-9.0475	-2
-9.1685	-9.4445	-2
-10.7936	-10.6085	-2
-9.6372	-9.0681	-2
-9.0002	-9.9826	-2
-10.9832	-10.1824	-2
-9.9563	-10.999	-2
-9.2201	-10.6259	-2
-10.8145	-10.5802	-2
-9.3186	-9.2681	-2
-9.0391	-10.2771	-2
-10.7817	-9.3763	-2
-9.8159	-9.0171	-2
-9.2236	-9.3698	-2
-10.7695	-9.3613	-2
-10.9805	-10.1967	-2
-9.7814	-9.0242	-2
-10.9985	-10.055	-2
-9.6531	-9.0621	-2
-9.3208	-10.7339	-2
-10.8314	-9.4443	-2
-10.4478	-9.1059	-2
-9.0004	-9.9727	-2
-9.9995	-11.0	-2
-10.3457	-9.0616	-2
-9.2889	-10.7031	-2
-10.6649	-9.2531	-2
-9.5457	-9.1092	-2
-10.4478	-10.8942	-2
-10.8932	-9.5504	-2
-10.5362	-9.1559	-2
-10.8996	-9.5633	-2
-10.1304	-10.9915	-2
-9.3961	-9.2029	-2
-9.6159	-10.9233	-2
-9.5989	-9.084	-2
-9.5961	-10.9148	-2
-9.3806	-9.2149	-2
-9.0071	-10.1188	-2
-10.9673	-10.2536	-2
-10.9413	-9.6624	-2
-10.1346	-9.0091	-2
-9.0	-9.9944	-2
-9.2105	-9.3862	-2
-10.9771	-9.7872	-2
-9.0124	-9.8428	-2
-9.0706	-9.6309	-2
-10.198	-9.0198	-2
-10.8049	-9.4066	-2
-9.0037	-10.0857	-2
-9.1412	-10.5124	-2
-9.0	-9.9989	-2
-10.0714	-10.9975	-2
-9.043	-10.2901	-2
-9.9263	-10.9973	-2
-9.019	-10.1942	-2
-9.0479	-10.3059	-2
-9.0559	-9.6705	-2
-10.8659	-9.4998	-2
-9.1635	-9.452	-2
-9.1504	-9.4725	-2
-9.0638	-9.6486	-2
-9.0015	-9.9459	-2
-10.7008	-10.7133	-2
-10.799	-9.3986	-2
-9.2319	-9.3597	-2
-9.9815	-9.0002	-2
-9.286	-10.7002	-2
-10.6565	-9.2456	-2
-10.6323	-9.2253	-2
-10.7545	-9.3437	-2
-10.1379	-10.9904	-2
-9.9201	-10.9968	-2
-9.0974	-9.5694	-2
-10.5394	-9.158	-2
-10.9253	-10.3793	-2
-10.8585	-10.5128	-2
-10.9974	-10.0714	-2
-10.9935	-10.1135	-2
-9.3778	-9.2171	-2
-10.114	-9.0065	-2
-10.9996	-10.0269	-2
-9.0081	-9.8732	-2
-9.4051	-9.1962	-2
-10.8298	-9.442	-2
-10.3991	-9.0831	-2
-10.9974	-10.0716	-2
-10.8839	-9.5324	-2
-10.9505	-10.3107	-2
-9.2773	-9.3089	-2
-9.8864	-9.0065	-2
-9.0109	-10.1475	-2
-9.1631	-9.4526	-2
-9.7805	-10.9756	-2
-9.29	-10.7042	-2
-10.6111	-9.2085	-2
-10.3846	-10.9231	-2
-10.929	-10.3702	-2
-10.9943	-10.1062	-2
-10.7382	-9.3254	-2
-10.0424	-9.0009	-2
-9.8287	-9.0148	-2
-9.1277	-10.4889	-2
-10.9425	-9.6659	-2
-9.0057	-10.1067	-2
-9.001	-10.0445	-2
-9.9246	-9.0028	-2
-10.737	-9.3242	-2
-9.5353	-9.1145	-2
-9.9781	-10.9998	-2
-9.2649	-10.6779	-2
-9.0286	-9.7627	-2
-10.2878	-10.9577	-2
-10.7992	-9.399	-2
-9.2584	-10.6709	-2
-9.9656	-10.9994	-2
-10.0249	-9.0003	-2
-10.9885	-10.1511	-2
-9.561	-9.1015	-2
-10.5624	-9.1732	-2
-9.3641	-9.2282	-2
-9.0168	-10.1826	-2
-10.9632	-10.2687	-2
-10.9344	-10.3562	-2
-10.8371	-10.5471	-2
-9.0	-10.0089	-2
-10.9688	-9.7521	-2
-9.4843	-9.1432	-2
-10.6005	-10.7996	-2
-10.3948	-9.0812	-2
-10.5886	-10.8084	-2
-9.3939	-9.2046	-2
-9.202	-10.6027	-2
-10.4801	-9.1228	-2
-10.9997	-10.0254	-2
-9.3747	-9.2196	-2
-9.0297	-10.242	-2
-10.8067	-10.5909	-2
-9.5571	-9.1034	-2
-9.0115	-10.1514	-2
-10.9991	-9.9575	-2
-10.7478	-9.3361	-2
-9.0147	-9.8293	-2
-10.6107	-10.7919	-2
-9.0731	-9.6248	-2
-10.9847	-9.8256	-2
-9.1577	-9.461	-2
-9.0889	-10.4121	-2
-10.5256	-9.1493	-2
-10.9876	-10.1572	-2
-10.9881	-9.846	-2
-9.1622	-9.4541	-2
-10.9996	-9.9702	-2
-9.0001	-10.0154	-2
-10.5475	-9.1632	-2
-9.3428	-10.7537	-2
-10.1991	-10.98	-2
-9.167	-10.5532	-2
-10.9903	-10.1387	-2
-9.1538	-10.5329	-2
-9.0443	-9.7055	-2
-9.931	-9.0024	-2
-9.843	-9.0124	-2
-10.9856	-9.8309	-2
-9.4075	-10.8056	-2
-10.0004	-9.0	-2
-9.5638	-9.1001	-2
-10.9984	-9.9426	-2
-9.2369	-10.6463	-2
-9.0024	-10.0689	-2
-9.1048	-9.5543	-2
-10.0808	-9.0033	-2
-9.158	-9.4605	-2
-10.9999	-9.9831	-2
-10.4579	-10.889	-2
-10.3805	-9.0752	-2
-9.5494	-9.1073	-2
-10.8519	-9.4762	-2
-9.0168	-10.1823	-2
-9.7646	-9.0281	-2
-9.4065	-10.8048	-2
-10.0556	-9.0015	-2
-10.9992	-10.0399	-2
-10.9525	-9.6955	-2
-9.2035	-9.3953	-2
-10.7889	-9.3854	-2
-9.8177	-9.0168	-2
-9.881	-9.0071	-2
-11.0	-10.0006	-2
-9.7361	-10.9645	-2
-10.7437	-10.6685	-2
-10.7548	-9.3441	-2
-10.9288	-9.6295	-2
-9.4344	-9.1753	-2
-10.7124	-9.2982	-2
-9.3657	-9.2269	-2
-9.4696	-10.8477	-2
-10.9962	-10.0876	-2
-10.6028	-10.7979	-2
-10.7661	-10.6428	-2
-9.185	-10.5795	-2
-10.4223	-10.9065	-2
-9.0003	-10.0233	-2
-9.2378	-9.3526	-2
-10.9535	-9.6987	-2
-10.1451	-9.0106	-2
-9.3871	-9.2098	-2
-10.8394	-9.4564	-2
-9.0107	-10.146	-2
-10.8271	-9.4379	-2
-10.9565	-10.2917	-2
-9.946	-10.9985	-2
-10.6905	-9.2767	-2
-9.3569	-9.2342	-2
-9.0796	-9.6089	-2
-9.1204	-9.5243	-2
-9.0001	-9.9897	-2
-9.1018	-9.5605	-2
-9.0967	-10.429	-2
-9.0892	-9.5872	-2
-10.1729	-9.0151	-2
-9.0192	-10.1953	-2
-9.994	-11.0	-2
-9.6469	-10.9356	-2
-10.882	-10.4712	-2
-9.951	-10.9988	-2
-10.0647	-10.9979	-2
-9.0842	-9.5984	-2
-9.4422	-10.83	-2
-9.5014	-10.8668	-2
-9.2363	-10.6456	-2
-10.6251	-9.2194	-2
-10.5003	-10.8659	-2
-10.4651	-10.8853	-2
-9.5852	-10.9099	-2
-10.1946	-9.0191	-2
-10.9885	-9.8486	-2
-10.8355	-9.4505	-2
-10.1072	-10.9942	-2
-10.9945	-10.1045	-2
-10.9972	-9.9257	-2
-10.1987	-9.0199	-2
-10.9553	-9.7043	-2
-9.8682	-10.9913	-2
-10.7024	-9.2883	-2
-9.9096	-9.0041	-2
-9.4663	-10.8457	-2
-10.9941	-9.8913	-2
-10.5928	-9.1946	-2
-9.5709	-10.9032	-2
-10.9781	-9.7917	-2
-10.8377	-10.5462	-2
-9.8367	-9.0134	-2
-9.4497	-10.835	-2
-9.0326	-10.2534	-2
-10.9976	-10.0699	-2
-10.798	-10.6027	-2
-9.7927	-9.0217	-2
-10.5939	-9.1955	-2
-9.0021	-9.9357	-2
-9.7436	-9.0334	-2
-10.9206	-9.6094	-2
-9.3686	-9.2246	-2
-9.1361	-10.5037	-2
-10.2843	-10.9587	-2
-9.2057	-10.6075	-2
-9.0555	-10.3285	-2
-9.4588	-9.1591	-2
-10.5753	-9.1821	-2
-9.2239	-9.3694	-2
-10.884	-9.5325	-2
-9.1937	-10.5915	-2
-10.8613	-9.4919	-2
-10.6272	-10.7789	-2
-10.1674	-9.0141	-2
-9.0425	-9.7116	-2
-10.9623	-9.728	-2
-10.3695	-9.0708	-2
-10.5474	-10.8369	-2
-9.063	-10.3492	-2
-10.8841	-9.5328	-2
-9.113	-10.4617	-2
-10.2033	-9.0209	-2
-9.1696	-10.5572	-2
-10.0935	-9.0044	-2
-10.7892	-10.6141	-2
-9.6701	-10.944	-2
-9.9251	-10.9972	-2
-10.1831	-9.0169	-2
-9.9401	-10.9982	-2
-9.0699	-10.3674	-2
-10.2329	-9.0275	-2
-9.8208	-10.9838	-2
-9.0869	-10.4077	-2
-10.6261	-10.7798	-2
-9.5426	-10.8893	-2
-10.9769	-10.2136	-2
-9.2114	-9.385	-2
-9.0088	-9.8678	-2
-10.4578	-9.111	-2
-9.6185	-10.9244	-2
-9.0146	-10.1702	-2
-10.3687	-10.9296	-2
-10.1064	-9.0057	-2
-10.6962	-9.2822	-2
-10.0737	-9.0027	-2
-10.4431	-9.1035	-2
-9.7202	-9.04	-2
-10.4425	-9.1032	-2
-9.1924	-10.5898	-2
-10.1701	-9.0146	-2
-10.4319	-10.9019	-2
-9.2828	-10.6969	-2
-9.2629	-9.3242	-2
-9.3163	-10.7298	-2
-9.1286	-10.4905	-2
-9.1007	-10.4373	-2
-9.0747	-9.6208	-2
-10.6664	-9.2544	-2
-10.5084	-10.8611	-2
-10.9518	-9.6933	-2
-10.9143	-9.5949	-2
-9.0828	-9.6015	-2
-9.2253	-9.3676	-2
-9.5482	-9.1079	-2
-9.9658	-9.0006	-2
-9.6838	-9.0513	-2
-10.7851	-10.6193	-2
-10.0043	-11.0	-2
-9.0044	-9.9064	-2
-9.0255	-9.7757	-2
-10.5501	-9.1649	-2
-10.9969	-10.0785	-2
-9.2875	-9.2984	-2
-10.1958	-10.9807	-2
-10.1605	-10.987	-2
-10.9068	-9.5784	-2
-9.6179	-9.0759	-2
-10.409	-10.9125	-2
-10.7882	-9.3846	-2
-10.3477	-10.9376	-2
-10.939	-9.6562	-2
-9.0001	-10.015	-2
-9.4247	-9.1821	-2
-9.1657	-10.5513	-2
-9.1414	-10.5127	-2
-10.2615	-9.0348	-2
-10.9951	-9.9013	-2
-9.2846	-10.6987	-2
-9.0567	-9.668	-2
-9.5477	-10.8919	-2
-10.9754	-10.2204	-2
-9.1032	-10.4424	-2
-9.0051	-9.8987	-2
-10.9976	-10.069	-2
-9.2794	-10.6934	-2
-10.568	-9.1769	-2
-9.4756	-10.8515	-2
-9.8291	-9.0147	-2
-9.1103	-10.4566	-2
-10.9926	-10.1211	-2
-10.1487	-10.9889	-2
-9.1136	-9.5371	-2
-9.0128	-9.8406	-2
-10.7578	-10.6525	-2
-10.2595	-10.9657	-2
-10.0946	-9.0045	-2
-9.5835	-9.0909	-2
-10.9149	-9.5963	-2
-9.2973	-10.7115	-2
-9.3563	-9.2347	-2
-10.5941	-10.8044	-2
-9.3514	-10.7611	-2
-9.0305	-10.2451	-2
-10.1909	-9.0184	-2
-9.8303	-9.0145	-2
-10.0878	-9.0039	-2
-10.6394	-9.2311	-2
-9.7779	-9.025	-2
-9.9386	-10.9981	-2
-9.1527	-9.4689	-2
-9.6663	-10.9427	-2
-10.7766	-10.63	-2
-9.3467	-9.2429	-2
-10.2889	-10.9574	-2
-10.1209	-10.9927	-2
-9.2245	-9.3687	-2
-9.8403	-9.0128	-2
-9.0309	-9.7532	-2
-10.1064	-9.0057	-2
-10.9748	-10.2232	-2
-9.4467	-10.833	-2
-10.2608	-10.9654	-2
-9.0005	-9.9673	-2
-10.4207	-10.9072	-2
-10.9983	-10.0584	-2
-9.0903	-10.4153	-2
-11.0	-9.9995	-2
-9.1564	-10.537	-2
-9.1675	-10.554	-2
-10.9151	-10.4033	-2
-9.164	-10.5487	-2
-9.0457	-9.7013	-2
-9.7049	-9.0445	-2
-9.3031	-10.7172	-2
-10.2713	-10.9625	-2
-10.5891	-10.8081	-2
-9.7674	-10.9726	-2
-10.8989	-9.5619	-2
-9.6002	-10.9166	-2
-10.945	-9.6729	-2
-9.9561	-9.001	-2
-9.4021	-10.8016	-2
-9.6666	-9.0572	-2
-9.085	-9.5965	-2
-10.3146	-9.0508	-2
-10.3461	-10.9382	-2
-10.9587	-9.7157	-2
-9.0148	-9.8287	-2
-9.2212	-9.3728	-2
-10.9842	-10.1771	-2
-10.4331	-10.9013	-2
-10.2393	-10.971	-2
-9.0438	-10.2928	-2
-10.935	-10.3547	-2
-10.2595	-9.0343	-2
-9.1758	-10.5664	-2
-10.7689	-9.3606	-2
-10.7175	-9.3035	-2
-9.1694	-9.4432	-2
-9.5264	-9.1192	-2
-9.0044	-10.094	-2
-9.3212	-9.2657	-2
-10.3699	-9.0709	-2
-9.7698	-9.0269	-2
-10.9927	-9.8792	-2
-9.071	-9.6299	-2
-9.0038	-9.9133	-2
-10.2248	-9.0256	-2
-10.3889	-10.9213	-2
-9.6659	-10.9425	-2
-9.0156	-9.8241	-2
-10.9918	-10.1278	-2
-10.9989	-10.0461	-2
-9.9671	-9.0005	-2
-10.9187	-10.3949	-2
-10.9911	-10.1334	-2
-9.0867	-10.4072	-2
-10.6361	-9.2284	-2
-9.0268	-10.2301	-2
-9.6297	-10.9289	-2
-10.2611	-9.0347	-2
-9.1226	-9.5202	-2
-10.9995	-9.9678	-2
-10.1375	-9.0095	-2
-9.1995	-9.4007	-2
-10.1117	-9.0063	-2
-9.4491	-10.8346	-2
-10.3788	-10.9255	-2
-10.0454	-10.999	-2
-9.8835	-10.9932	-2
-10.2458	-9.0307	-2
-9.4975	-9.1354	-2
-9.1593	-9.4585	-2
-10.2756	-10.9613	-2
-9.0046	-9.904	-2
-10.1484	-10.9889	-2
-10.2005	-9.0203	-2
-9.1564	-10.537	-2
-9.0224	-10.2104	-2
-10.9813	-10.1927	-2
-9.0768	-9.6157	-2
-9.1506	-10.5278	-2
-10.868	-10.4966	-2
-10.8875	-10.4608	-2
-9.0541	-9.6755	-2
-10.0872	-10.9962	-2
-9.8193	-9.0165	-2
-10.1465	-9.0108	-2
-10.4702	-10.8825	-2
-10.1224	-9.0075	-2
-9.8334	-10.986	-2
-9.8307	-10.9856	-2
-10.8972	-9.5583	-2
-10.9952	-9.9026	-2
-10.9521	-9.6942	-2
-10.8527	-10.5224	-2
-9.071	-10.37	-2
-9.7382	-9.0349	-2
-9.977	-10.9997	-2
-9.0004	-9.9735	-2
-10.9133	-10.4074	-2
-10.9151	-9.5967	-2
-10.5582	-10.8297	-2
-10.3985	-9.0828	-2
-10.59	-10.8074	-2
-10.6801	-9.2669	-2
-10.1174	-10.9931	-2
-9.0744	-10.3784	-2
-9.6257	-10.9273	-2
-10.9225	-10.3861	-2
-10.3011	-10.9536	-2
-9.2062	-9.3918	-2
-10.7346	-9.3215	-2
-10.7462	-9.3343	-2
-9.1706	-9.4413	-2
-9.2826	-9.3033	-2
-9.0142	-10.1682	-2
-9.6779	-10.9467	-2
-10.642	-10.7667	-2
-10.5044	-9.1365	-2
-9.1194	-10.4738	-2
-9.3625	-10.7704	-2
-10.4655	-10.885	-2
-10.5766	-9.183	-2
-10.9228	-9.6147	-2
-10.3534	-9.0645	-2
-9.3589	-10.7675	-2
-9.0646	-9.6464	-2
-9.6516	-9.0626	-2
-10.3426	-9.0605	-2
-9.6938	-9.048	-2
-10.7005	-10.7136	-2
-10.9785	-10.2061	-2
-10.0241	-10.9997	-2
-10.7966	-10.6045	-2
-10.6787	-9.2656	-2
-10.4382	-10.8989	-2
-10.9663	-10.2575	-2
-9.1054	-9.5531	-2
-9.2417	-10.6519	-2
-10.7396	-10.673	-2
-9.9728	-9.0004	-2
-10.9461	-9.6762	-2
-10.9627	-10.2705	-2
-10.0998	-10.995	-2
-10.0604	-9.0018	-2
-10.1196	-9.0072	-2
-10.9399	-10.3415	-2
-10.762	-10.6476	-2
-10.9878	-9.8441	-2
-9.6426	-10.9339	-2
-10.407	-10.9134	-2
-10.2167	-9.0238	-2
-9.8216	-10.9839	-2
-10.7001	-10.7141	-2
-9.1187	-9.5274	-2
-10.9894	-9.8548	-2
-9.8111	-9.018	-2
-10.9111	-10.4123	-2
-10.6956	-10.7184	-2
-9.1763	-10.567	-2
-9.9963	-9.0	-2
-10.7371	-10.6758	-2
-9.83	-9.0145	-2
-9.672	-10.9447	-2
-10.8743	-10.4854	-2
-10.3699	-9.0709	-2
-10.7791	-10.627	-2
-10.9883	-9.8477	-2
-10.9792	-10.203	-2
-9.1714	-10.5598	-2
-9.8624	-9.0095	-2
-10.0137	-9.0001	-2
-10.9808	-9.8047	-2
-9.3819	-9.2139	-2
-9.0603	-9.6581	-2
-9.4119	-10.8088	-2
-10.4185	-10.9082	-2
-9.538	-10.8869	-2
-9.7821	-10.976	-2
-9.6343	-9.0693	-2
-10.109	-10.994	-2
-10.1215	-10.9926	-2
-10.6317	-9.2248	-2
-10.2152	-9.0234	-2
-9.0565	-9.6685	-2
-10.9721	-10.2345	-2
-10.9082	-10.4186	-2
-10.9945	-9.8957	-2
-9.8225	-10.9841	-2
-10.9999	-9.987	-2
-10.9722	-10.2342	-2
-9.0227	-9.7882	-2
-10.2847	-10.9586	-2
-10.3105	-9.0494	-2
-9.0192	-10.1948	-2
-10.1488	-10.9889	-2
-9.0711	-9.6297	-2
-9.1731	-10.5623	-2
-9.2247	-10.6315	-2
-10.5434	-9.1605	-2
-10.2589	-10.9659	-2
-9.2827	-9.3033	-2
-10.7754	-10.6315	-2
-10.2994	-9.0459	-2
-9.0742	-10.3779	-2
-9.8128	-10.9823	-2
-9.082	-10.3966	-2
-9.7154	-9.0414	-2
-9.9044	-9.0046	-2
-9.5558	-9.1041	-2
-9.1022	-10.4405	-2
-10.1828	-9.0168	-2
-9.0581	-10.336	-2
-10.516	-10.8566	-2
-10.8953	-10.4454	-2
-9.774	-10.9741	-2
-9.6991	-10.9536	-2
-10.981	-10.1938	-2
-10.0135	-10.9999	-2
-10.7715	-10.6363	-2
-10.9536	-10.3011	-2
-9.1205	-9.524	-2
-10.9294	-10.369	-2
-10.1278	-10.9918	-2
-9.0217	-10.207	-2
-10.1277	-9.0082	-2
-10.0258	-10.9997	-2
-9.1859	-10.5807	-2
-9.1907	-10.5874	-2
-10.9761	-9.7827	-2
-9.6664	-9.0573	-2
-10.4324	-9.0983	-2
-10.3271	-10.945	-2
-10.815	-9.4206	-2
-10.9392	-10.3434	-2
-10.725	-10.6887	-2
-10.9723	-10.2339	-2
-9.4486	-10.8342	-2
-9.7798	-10.9755	-2
-10.1133	-9.0064	-2
-9.5354	-10.8855	-2
-10.9845	-9.8247	-2
-10.3275	-9.0552	-2
-10.8391	-9.456	-2
-9.115	-9.5344	-2
-9.3336	-10.7456	-2
-10.7426	-10.6698	-2
-9.001	-10.0455	-2
-9.4884	-10.8592	-2
-9.7259	-9.0383	-2
-9.6903	-10.9508	-2
-9.9731	-10.9996	-2
-9.9309	-9.0024	-2
-10.9951	-9.9007	-2
-9.0129	-9.84	-2
-10.5504	-9.1651	-2
-10.1066	-10.9943	-2
-10.6472	-10.7623	-2
-10.999	-10.0444	-2
-10.9997	-9.9755	-2
-9.0592	-9.6609	-2
-9.3392	-10.7505	-2
-9.1124	-10.4607	-2
-10.9344	-9.6438	-2
-9.5761	-9.0943	-2
-9.0	-9.9982	-2
-9.1045	-10.445	-2
-10.1632	-10.9866	-2
-10.433	-9.0986	-2
-10.563	-10.8265	-2
-10.9853	-9.829	-2
-9.5172	-10.8757	-2
-9.1418	-10.5133	-2
-10.7404	-10.6721	-2
-10.9629	-9.7302	-2
-10.8019	-10.5975	-2
-10.0759	-9.0029	-2
-9.0102	-10.1427	-2
-9.8046	-9.0193	-2
-10.9271	-10.3749	-2
-9.8605	-10.9902	-2
-9.9851	-9.0001	-2
-10.8162	-9.4223	-2
-10.9998	-10.0204	-2
-9.9367	-9.002	-2
-9.6196	-9.0752	-2
-10.9768	-9.7856	-2
-9.0292	-10.24	-2
-9.4296	-10.8214	-2
-9.6634	-9.0584	-2
-10.4589	-9.1115	-2
-10.7867	-9.3827	-2
-10.9781	-9.7917	-2
-9.3982	-9.2014	-2
-10.9311	-9.6353	-2
-9.7816	-10.9759	-2
-10.9997	-10.0253	-2
-9.1374	-10.5059	-2
-10.5281	-10.8492	-2
-10.9959	-9.9095	-2
-9.9682	-10.9995	-2
-9.1443	-9.4825	-2
-10.8084	-10.5887	-2
-10.9954	-9.9041	-2
-10.9229	-10.3849	-2
-9.4535	-9.1625	-2
-10.7237	-10.6901	-2
-9.2438	-10.6543	-2
-10.5926	-9.1945	-2
-9.576	-10.9057	-2
-9.7079	-9.0436	-2
-10.9764	-10.2159	-2
-9.5157	-10.8749	-2
-9.5132	-10.8735	-2
-9.0105	-10.1448	-2
-9.1785	-10.5702	-2
-9.1116	-10.459	-2
-9.571	-9.0967	-2
-10.2738	-10.9618	-2
-9.4875	-10.8587	-2
-9.195	-9.4068	-2
-10.2294	-10.9733	-2
-9.1248	-9.5163	-2
-9.8266	-9.0151	-2
-9.1891	-10.5852	-2
-9.5149	-9.1255	-2
-9.1162	-10.4679	-2
-9.2471	-9.3419	-2
-10.725	-9.3112	-2
-9.0333	-10.2558	-2
-9.8449	-9.0121	-2
-11.0	-9.999	-2
-10.6993	-9.2852	-2
-10.9013	-9.5668	-2
-10.2515	-9.0321	-2
-10.9982	-10.0607	-2
-9.3696	-9.2237	-2
-10.9332	-9.6406	-2
-10.9986	-9.9478	-2
-9.9174	-9.0034	-2
-9.7279	-10.9623	-2
-10.9616	-9.7257	-2
-10.715	-9.3009	-2
-9.9636	-10.9993	-2
-10.9954	-10.0955	-2
-10.4234	-9.094	-2
-10.7494	-10.6621	-2
-10.2237	-10.9747	-2
-9.783	-10.9762	-2
-10.4422	-10.8969	-2
-10.6748	-9.262	-2
-9.9463	-10.9986	-2
-9.8184	-10.9834	-2
-10.7439	-9.3317	-2
-9.7923	-9.0218	-2
-9.083	-9.6011	-2
-10.4053	-10.9142	-2
-9.0611	-9.6557	-2
-9.7804	-10.9756	-2
-10.8838	-9.5321	-2
-10.8159	-10.5782	-2
-9.0015	-10.054	-2
-9.0613	-10.3448	-2
-9.1083	-10.4527	-2
-9.7717	-9.0264	-2
-10.8567	-9.4841	-2
-10.2793	-10.9602	-2
-9.9625	-9.0007	-2
-10.2736	-9.0382	-2
-9.3864	-9.2103	-2
-10.9994	-9.9656	-2
-9.4677	-10.8465	-2
-10.3976	-9.0825	-2
-9.9785	-10.9998	-2
-9.9241	-9.0029	-2
-10.8293	-10.5588	-2
-10.882	-10.4712	-2
-10.5856	-10.8106	-2
-10.5208	-9.1463	-2
-10.6815	-10.7318	-2
-10.9957	-10.0929	-2
-10.5831	-10.8124	-2
-9.6496	-10.9366	-2
-10.7704	-10.6375	-2
-9.3396	-10.7509	-2
-9.0593	-10.3393	-2
-9.0399	-9.7205	-2
-9.8876	-10.9937	-2
-10.1884	-10.9821	-2
-10.9965	-10.0838	-2
-9.1102	-10.4563	-2
-9.3396	-10.7509	-2
-9.0934	-9.578	-2
-10.5866	-9.1901	-2
-10.5253	-9.1491	-2
-10.9779	-10.2092	-2
-9.0603	-10.3419	-2
-9.0136	-10.1646	-2
-10.0438	-10.999	-2
-10.5634	-9.1738	-2
-10.3385	-9.059	-2
-10.9453	-9.6738	-2
-10.0399	-9.0008	-2
-9.8796	-9.0073	-2
-9.3443	-9.245	-2
-10.17	-9.0146	-2
-10.4926	-10.8702	-2
-10.2657	-10.9641	-2
-10.7961	-9.3948	-2
-9.7675	-9.0274	-2
-9.2258	-10.633	-2
-10.9904	-9.862	-2
-9.0149	-9.828	-2
-10.9087	-9.5826	-2
-10.4296	-9.097	-2
-9.0	-10.0054	-2
-9.0459	-10.2993	-2
-10.9997	-9.9746	-2
-10.2329	-9.0275	-2
-10.7793	-9.3733	-2
-10.9135	-9.5931	-2
-10.6133	-9.2101	-2
-9.4001	-9.1999	-2
-10.5009	-10.8655	-2
-9.0283	-9.7637	-2
-10.9935	-9.8866	-2
-9.0112	-9.8508	-2
-9.4824	-9.1444	-2
-10.8255	-10.5644	-2
-10.5113	-9.1406	-2
-9.0304	-10.2447	-2
-9.1395	-9.4906	-2
-9.1509	-9.4718	-2
-10.865	-10.5017	-2
-10.6518	-10.7584	-2
-10.842	-9.4606	-2
-9.3804	-9.2151	-2
-9.1816	-10.5747	-2
-10.4278	-9.0961	-2
-10.1351	-9.0092	-2
-9.8268	-10.9849	-2
-9.8939	-9.0056	-2
-10.9984	-10.0567	-2
-9.2112	-9.3853	-2
-9.9416	-10.9983	-2
-9.5516	-9.1061	-2
-9.0891	-9.5873	-2
-10.8588	-10.5123	-2
-10.9795	-9.7983	-2
-10.8134	-10.5818	-2
-9.371	-9.2226	-2
-9.0086	-10.1308	-2
-9.7266	-9.0381	-2
-9.3734	-9.2207	-2
-10.6552	-9.2446	-2
-10.7967	-9.3956	-2
-9.753	-9.031	-2
-9.7934	-10.9784	-2
-10.8574	-10.5146	-2
-9.0273	-9.7681	-2
-10.6276	-9.2215	-2
-9.0977	-9.5688	-2
-9.6371	-9.0682	-2
-9.9618	-10.9993	-2
-9.623	-9.0738	-2
-9.2952	-10.7094	-2
-10.1044	-10.9945	-2
-10.4398	-9.1019	-2
-10.5801	-9.1854	-2
-10.9329	-10.36	-2
-10.9945	-10.1052	-2
-10.835	-9.4498	-2
-9.9033	-10.9953	-2
-9.096	-9.5724	-2
-10.5929	-10.8053	-2
-9.2867	-10.7009	-2
-9.9653	-10.9994	-2
-10.0434	-9.0009	-2
-9.0082	-9.872	-2
-10.0243	-9.0003	-2
-9.0557	-9.6708	-2
-10.9692	-10.2461	-2
-9.2007	-10.6009	-2
-9.4063	-9.1953	-2
-10.2965	-10.955	-2
-9.964	-9.0006	-2
-9.5362	-9.1141	-2
-10.7629	-10.6465	-2
-9.9132	-9.0038	-2
-10.3571	-9.0659	-2
-9.0126	-10.1585	-2
-10.8161	-10.5779	-2
-10.9654	-9.7392	-2
-9.8037	-9.0195	-2
-9.2647	-10.6778	-2
-10.9957	-10.0923	-2
-9.1977	-9.4031	-2
-9.4366	-10.8262	-2
-9.4271	-9.1804	-2
-9.5372	-9.1135	-2
-9.0091	-9.8657	-2
-9.2058	-9.3923	-2
-10.8902	-9.5444	-2
-10.3904	-9.0793	-2
-9.7101	-10.9571	-2
-9.0065	-10.1135	-2
-10.9912	-10.1322	-2
-9.0028	-10.0746	-2
-9.1267	-9.5129	-2
-9.0093	-9.8642	-2
-9.2073	-10.6096	-2
-9.0372	-10.2704	-2
-10.9807	-9.8045	-2
-10.9986	-9.9469	-2
-9.0686	-10.3639	-2
-10.9854	-9.8297	-2
-10.7043	-9.2901	-2
-9.4192	-10.814	-2
-9.2522	-10.6639	-2
-9.0055	-10.1043	-2
-9.9639	-9.0007	-2
-10.9426	-10.3339	-2
-10.3089	-9.0489	-2
-9.7223	-10.9607	-2
-9.1802	-9.4274	-2
-10.7752	-9.3683	-2
-10.817	-9.4233	-2
-9.0297	-9.7582	-2
-10.9876	-9.8433	-2
-10.9906	-9.8635	-2
-9.0973	-9.5697	-2
-10.5569	-9.1695	-2
-10.3336	-9.0573	-2
-9.6563	-10.9391	-2
-10.9996	-9.9732	-2
-10.558	-9.1701	-2
-10.8787	-9.5226	-2
-9.6061	-10.9192	-2
-10.9717	-10.2361	-2
-10.0946	-9.0045	-2
-9.7889	-9.0225	-2
-10.875	-9.5159	-2
-10.0237	-9.0003	-2
-9.3664	-10.7736	-2
-9.2171	-10.6221	-2
-10.4702	-10.8826	-2
-10.4737	-10.8807	-2
-10.8714	-9.5094	-2
-9.0184	-10.1911	-2
-9.0037	-10.0865	-2
-9.8555	-10.9895	-2
-9.9654	-9.0006	-2
-10.1479	-9.011	-2
-9.2409	-10.651	-2
-9.3072	-9.2789	-2
-10.7531	-9.3421	-2
-9.1233	-10.4811	-2
-10.7796	-10.6263	-2
-10.1549	-10.9879	-2
-10.6019	-9.2014	-2
-9.0305	-9.7549	-2
-9.8968	-9.0053	-2
-10.596	-9.197	-2
-9.0056	-10.1056	-2
-10.996	-10.0891	-2
-10.1635	-9.0135	-2
-9.9908	-11.0	-2
-9.2377	-10.6473	-2
-9.0944	-9.5758	-2
-10.9218	-9.6124	-2
-9.5946	-9.0859	-2
-9.1947	-9.4072	-2
-9.5758	-9.0944	-2
-10.7582	-9.348	-2
-9.6875	-10.9499	-2
-9.1713	-10.5597	-2
-9.4482	-9.166	-2
-10.9959	-10.0907	-2
-9.7168	-9.0409	-2
-10.4961	-10.8683	-2
-10.2817	-9.0405	-2
-9.4308	-9.1778	-2
-9.2649	-10.678	-2
-10.9771	-9.7873	-2
-10.9589	-9.7161	-2
-9.006	-9.8904	-2
-10.8311	-10.5561	-2
-10.7869	-9.3829	-2
-9.1939	-10.5917	-2
-10.1521	-9.0116	-2
-9.0062	-9.8885	-2
-9.4463	-10.8327	-2
-10.9416	-9.6632	-2
-9.6179	-10.9241	-2
-9.8911	-9.006	-2
-10.5035	-10.864	-2
-10.1188	-9.0071	-2
-10.153	-10.9882	-2
-10.1104	-10.9939	-2
-10.7648	-9.3558	-2
-10.641	-10.7675	-2
-10.0028	-11.0	-2
-9.5664	-10.9011	-2
-10.9531	-10.3028	-2
-10.9346	-10.3556	-2
-10.8251	-9.435	-2
-10.9743	-10.2255	-2
-9.9674	-10.9995	-2
-9.8987	-9.0051	-2
-10.66	-9.2488	-2
-10.9394	-10.3428	-2
-10.0952	-9.0045	-2
-9.793	-10.9783	-2
-9.9449	-10.9985	-2
-9.5119	-9.1272	-2
-9.0903	-10.4153	-2
-10.8404	-9.458	-2
-9.6441	-9.0655	-2
-9.0531	-10.3216	-2
-10.3169	-9.0515	-2
-11.0	-10.0032	-2
-9.2107	-9.386	-2
-9.0	-9.9953	-2
-9.3594	-10.7679	-2
-9.0	-10.0086	-2
-9.1588	-9.4593	-2
-10.46	-9.1121	-2
-9.4707	-10.8484	-2
-9.1525	-10.5308	-2
-9.7003	-9.046	-2
-10.3212	-10.947	-2
-9.8741	-10.992	-2
-10.3026	-10.9531	-2
-10.5632	-10.8263	-2
-10.6234	-9.2181	-2
-9.0003	-10.0259	-2
-9.9494	-10.9987	-2
-10.4462	-10.8949	-2
-10.9424	-9.6655	-2
-9.0008	-9.9594	-2
-10.5091	-9.1393	-2
-10.0732	-10.9973	-2
-10.9991	-9.9575	-2
-10.2418	-10.9703	-2
-9.5378	-9.1132	-2
-10.6903	-10.7235	-2
-10.1457	-9.0107	-2
-9.1294	-10.4921	-2
-10.7501	-10.6613	-2
-10.6289	-10.7775	-2
-10.9552	-10.2959	-2
-9.3017	-10.7158	-2
-9.2242	-10.6309	-2
-9.0523	-9.6807	-2
-9.001	-9.9561	-2
-9.1227	-9.52	-2
-10.0386	-9.0007	-2
-10.6647	-10.7471	-2
-9.4266	-10.8193	-2
-10.6525	-9.2422	-2
-10.9307	-10.3657	-2
-9.0791	-10.3898	-2
-10.935	-10.3546	-2
-9.4795	-9.1461	-2
-10.3006	-10.9537	-2
-9.7949	-10.9787	-2
-9.0014	-9.9466	-2
-9.8552	-9.0105	-2
-10.99	-9.859	-2
-9.4479	-10.8338	-2
-10.9157	-10.4019	-2
-10.0759	-10.9971	-2
-9.6873	-9.0502	-2
-9.3785	-10.7834	-2
-9.8622	-9.0095	-2
-10.9878	-10.1555	-2
-10.9204	-10.3909	-2
-10.9592	-9.7172	-2
-10.7675	-10.6411	-2
-9.86	-9.0098	-2
-10.4087	-10.9127	-2
-10.9743	-10.2251	-2
-9.0985	-10.4328	-2
-9.4425	-10.8302	-2
-10.5325	-10.8464	-2
-9.0455	-9.7019	-2
-9.0018	-9.9398	-2
-10.3356	-9.058	-2
-9.0031	-9.9214	-2
-10.9066	-10.422	-2
-9.581	-9.092	-2
-9.3528	-10.7623	-2
-10.4771	-10.8789	-2
-9.6811	-10.9478	-2
-9.1228	-9.52	-2
-10.9882	-9.8467	-2
-10.2225	-10.9749	-2
-9.3412	-9.2477	-2
-9.6472	-10.9357	-2
-9.4484	-10.8341	-2
-9.2254	-10.6325	-2
-10.4971	-10.8677	-2
-9.1629	-9.453	-2
-10.8826	-10.4701	-2
-10.0333	-10.9994	-2
-10.6423	-9.2335	-2
-9.0008	-9.9607	-2
-9.0162	-10.1792	-2
-9.0295	-10.2413	-2
-10.3213	-10.947	-2
-10.095	-9.0045	-2
-10.3969	-9.0821	-2
-9.9195	-9.0032	-2
-9.2419	-9.3478	-2
-9.9429	-9.0016	-2
-9.728	-9.0377	-2
-9.8188	-10.9835	-2
-10.0076	-9.0	-2
-10.604	-10.797	-2
-9.2904	-10.7046	-2
-10.4815	-10.8764	-2
-10.9133	-10.4073	-2
-10.2934	-10.956	-2
-10.7864	-10.6177	-2
-9.9641	-9.0006	-2
-10.0283	-10.9996	-2
-10.5193	-9.1454	-2
-10.9667	-10.2561	-2
-9.0199	-10.1987	-2
-9.764	-9.0283	-2
-10.9783	-10.207	-2
-10.7401	-10.6725	-2
-10.7044	-9.2902	-2
-10.9079	-10.4192	-2
-9.0002	-10.0205	-2
-9.0289	-9.7614	-2
-9.0046	-9.9039	-2
-9.0034	-10.0825	-2
-9.1842	-9.4217	-2
-9.0032	-10.0797	-2
-9.734	-9.036	-2
-10.5738	-10.819	-2
-10.902	-9.5683	-2
-10.9149	-9.5964	-2
-9.5141	-10.874	-2
-9.3157	-9.2708	-2
-9.3119	-9.2743	-2
-9.3326	-10.7447	-2
-9.3229	-10.7358	-2
-9.3013	-9.2846	-2
-9.2586	-10.6711	-2
-10.6771	-10.7359	-2
-10.6093	-10.793	-2
-9.2453	-9.3439	-2
-9.0552	-9.6725	-2
-9.0047	-9.9028	-2
-9.0206	-10.2017	-2
-10.8121	-10.5835	-2
-10.9043	-9.5731	-2
-9.0449	-10.2963	-2
-10.4051	-10.9143	-2
-9.1681	-9.4451	-2
-9.3202	-9.2666	-2
-10.7431	-10.6692	-2
-9.4392	-10.8279	-2
-10.706	-10.7082	-2
-10.25	-9.0318	-2
-10.9973	-10.0728	-2
-9.0271	-9.7689	-2
-10.9859	-10.1671	-2
-9.6365	-9.0684	-2
-9.9807	-9.0002	-2
-10.2343	-10.9722	-2
-9.2362	-9.3545	-2
-10.0459	-10.9989	-2
-10.9307	-10.3657	-2
-10.3352	-10.9422	-2
-9.2912	-9.2946	-2
-9.9591	-10.9992	-2
-9.1859	-9.4193	-2
-10.312	-9.0499	-2
-9.2046	-9.3939	-2
-10.7328	-10.6804	-2
-10.3706	-10.9288	-2
-9.0271	-9.7688	-2
-9.0661	-9.6425	-2
-10.8427	-9.4616	-2
-10.9555	-9.7051	-2
-10.5447	-10.8386	-2
-9.0331	-10.255	-2
-9.4787	-10.8534	-2
-10.9641	-9.7344	-2
-10.839	-9.4558	-2
-9.1233	-9.5189	-2
-9.3801	-10.7847	-2
-10.8568	-9.4843	-2
-9.6442	-9.0655	-2
-10.4955	-9.1314	-2
-9.0801	-9.6079	-2
-9.1728	-10.5619	-2
-9.7473	-10.9676	-2
-9.4146	-9.1893	-2
-9.6579	-9.0603	-2
-10.2511	-9.032	-2
-10.9744	-10.2246	-2
-10.8165	-9.4226	-2
-9.3848	-10.7884	-2
-10.4956	-10.8685	-2
-10.2719	-9.0377	-2
-9.1513	-10.5289	-2
-9.5668	-9.0987	-2
-9.0006	-9.9663	-2
-10.8379	-9.4542	-2
-10.0949	-9.0045	-2
-9.1372	-9.4945	-2
-9.8364	-9.0135	-2
-9.6459	-10.9352	-2
-10.9864	-10.1643	-2
-10.4323	-9.0983	-2
-10.0693	-10.9976	-2
-10.8747	-9.5154	-2
-10.9792	-10.2031	-2
-10.9849	-10.173	-2
-10.951	-9.6909	-2
-10.3021	-10.9533	-2
-10.2254	-9.0257	-2
-9.6042	-9.0817	-2
-10.8705	-9.5078	-2
-10.6539	-10.7565	-2
-9.6237	-9.0735	-2
-10.5049	-10.8632	-2
-11.0	-10.0004	-2
-9.7347	-9.0358	-2
-9.4695	-9.1523	-2
-10.946	-9.6758	-2
-10.381	-10.9246	-2
-10.0792	-10.9969	-2
-9.073	-10.375	-2
-10.4924	-10.8704	-2
-10.9975	-10.0707	-2
-9.0278	-10.2342	-2
-10.7174	-9.3033	-2
-9.3564	-9.2346	-2
-10.9519	-9.6937	-2
-9.5884	-10.9114	-2
-10.0751	-10.9972	-2
-9.0643	-9.6471	-2
-9.7344	-10.9641	-2
-10.9285	-9.6287	-2
-10.8449	-10.5349	-2
-10.3296	-9.0559	-2
-9.6951	-9.0476	-2
-10.8696	-9.5062	-2
-10.4299	-9.0971	-2
-9.2296	-9.3625	-2
-10.7696	-9.3615	-2
-9.3547	-9.2361	-2
-10.7365	-10.6764	-2
-10.9892	-10.1466	-2
-10.8926	-10.4508	-2
-10.8041	-9.4056	-2
-9.6852	-10.9492	-2
-10.5824	-10.8129	-2
-10.7995	-10.6007	-2
-10.852	-10.5236	-2
-10.9807	-10.1956	-2
-10.6195	-10.785	-2
-10.3985	-9.0828	-2
-10.9194	-9.6066	-2
-10.7016	-10.7125	-2
-10.5621	-10.827	-2
-10.837	-10.5472	-2
-10.7207	-10.6932	-2
-9.3128	-9.2736	-2
-10.9445	-9.6714	-2
-9.1902	-9.4133	-2
-10.5741	-9.1812	-2
-9.5547	-10.8954	-2
-10.9992	-10.0405	-2
-9.0042	-10.092	-2
-9.0528	-9.6792	-2
-9.4759	-10.8516	-2
-10.1161	-10.9932	-2
-10.8504	-9.4739	-2
-10.9825	-10.1861	-2
-10.9197	-10.3927	-2
-9.4487	-10.8343	-2
-9.9718	-9.0004	-2
-10.2418	-9.0297	-2
-9.3319	-10.7441	-2
-10.9991	-10.0435	-2
-10.9768	-9.786	-2
-10.3607	-9.0673	-2
-10.8239	-10.5668	-2
-9.5562	-10.8961	-2
-9.1672	-10.5536	-2
-10.9446	-10.3281	-2
-9.7961	-10.979	-2
-10.4311	-9.0977	-2
-9.0497	-10.3114	-2
-10.8996	-10.4368	-2
-10.5721	-9.1798	-2
-10.2148	-9.0233	-2
-9.9655	-9.0006	-2
-9.0036	-10.0844	-2
-9.8729	-10.9919	-2
-9.1865	-9.4185	-2
-10.7197	-10.6943	-2
-9.2828	-9.3032	-2
-10.5129	-10.8584	-2
-10.4018	-10.9157	-2
-10.799	-10.6014	-2
-10.9882	-10.1532	-2
-9.1235	-9.5186	-2
-9.5307	-9.117	-2
-9.6498	-10.9367	-2
-9.0041	-10.0904	-2
-9.1913	-10.5882	-2
-9.2932	-9.2926	-2
-10.298	-10.9546	-2
-9.431	-9.1777	-2
-10.868	-10.4965	-2
-10.8928	-9.5496	-2
-9.0224	-10.2105	-2
-10.9303	-9.6333	-2
-9.9256	-10.9972	-2
-10.2379	-9.0287	-2
-9.8192	-10.9835	-2
-10.062	-10.9981	-2
-10.2698	-9.0371	-2
-10.6377	-10.7703	-2
-9.1578	-10.5391	-2
-10.8052	-10.5929	-2
-9.0585	-10.3371	-2
-9.1453	-10.5192	-2
-9.7414	-9.034	-2
-10.8601	-9.49	-2
-9.0802	-9.6077	-2
-10.9544	-10.2984	-2
-10.9924	-10.1234	-2
-10.52	-9.1458	-2
-9.306	-9.28	-2
-9.3634	-9.2288	-2
-9.9817	-9.0002	-2
-9.4306	-9.1779	-2
-10.9946	-10.1039	-2
-10.9967	-10.0812	-2
-10.0424	-9.0009	-2
-10.8943	-10.4474	-2
-10.9972	-10.0744	-2
-9.9265	-9.0027	-2
-10.2956	-10.9553	-2
-9.0858	-10.4053	-2
-9.4001	-9.1999	-2
-9.08	-9.608	-2
-10.8078	-10.5895	-2
-10.8101	-9.4137	-2
-10.8061	-10.5918	-2
-10.6519	-10.7583	-2
-9.3856	-10.789	-2
-10.7175	-10.6965	-2
-9.1399	-9.4899	-2
-10.5688	-10.8225	-2
-9.0949	-10.4252	-2
-10.9993	-10.037	-2
-9.5546	-10.8954	-2
-9.3295	-9.2581	-2
-9.515	-10.8745	-2
-9.44	-10.8285	-2
-10.9997	-10.0228	-2
-10.8863	-9.5368	-2
-9.3791	-9.2161	-2
-9.0658	-9.6433	-2
-9.498	-10.8648	-2
-10.9095	-9.5844	-2
-9.3372	-9.2512	-2
-10.8864	-9.5371	-2
-10.5963	-9.1972	-2
-9.2698	-9.3168	-2
-10.6182	-10.786	-2
-9.8316	-10.9857	-2
-9.0601	-9.6585	-2
-9.1852	-9.4203	-2
-9.2014	-10.6018	-2
-10.4646	-9.1145	-2
-10.9431	-9.6675	-2
-10.9701	-10.2428	-2
-10.2863	-10.9581	-2
-9.1468	-9.4783	-2
-10.5713	-10.8207	-2
-10.4672	-9.1159	-2
-10.2046	-10.9789	-2
-9.0674	-9.6391	-2
-9.368	-10.7749	-2
-9.1353	-10.5023	-2
-9.6139	-9.0775	-2
-10.2798	-10.9601	-2
-9.005	-9.8999	-2
-10.9385	-10.3453	-2
-9.0001	-10.0171	-2
-10.6119	-9.2091	-2
-9.0045	-10.0943	-2
-10.9154	-10.4025	-2
-10.9349	-10.3548	-2
-10.9658	-10.2593	-2
-10.5888	-9.1917	-2
-10.9458	-9.6753	-2
-9.5991	-10.9161	-2
-9.5838	-9.0907	-2
-10.5298	-10.8481	-2
-9.4939	-10.8625	-2
-10.7606	-10.6492	-2
-9.0487	-10.3084	-2
-9.9883	-10.9999	-2
-10.572	-10.8203	-2
-9.354	-10.7633	-2
-10.2468	-9.0309	-2
-10.8602	-10.5099	-2
-9.0158	-9.8231	-2
-10.7037	-10.7105	-2
-10.8637	-9.496	-2
-10.1221	-10.9925	-2
-9.2838	-9.3021	-2
-10.9084	-10.4181	-2
-10.9575	-10.2885	-2
-10.8807	-9.5263	-2
-9.782	-9.0241	-2
-9.629	-9.0714	-2
-9.4343	-9.1754	-2
-10.9398	-10.3418	-2
-9.8255	-10.9847	-2
-9.0	-10.002	-2
-9.2786	-9.3075	-2
-9.7073	-9.0438	-2
-9.0347	-10.261	-2
-9.2552	-9.3327	-2
-10.1154	-10.9933	-2
-9.3003	-10.7144	-2
-10.9998	-10.0218	-2
-9.6691	-10.9437	-2
-9.455	-9.1615	-2
-9.8291	-9.0147	-2
-9.8454	-10.988	-2
-10.4838	-10.8752	-2
-9.6681	-10.9433	-2
-9.3372	-9.2512	-2
-9.6864	-9.0504	-2
-9.0074	-10.1212	-2
-10.2784	-9.0395	-2
-10.1665	-10.986	-2
-10.6416	-9.233	-2
-10.9984	-10.0574	-2
-9.4815	-9.1449	-2
-10.1973	-10.9803	-2
-10.2073	-10.9783	-2
-9.0115	-10.1515	-2
-10.0416	-9.0009	-2
-10.9955	-9.905	-2
-10.7054	-10.7088	-2
-10.9466	-10.3223	-2
-10.967	-9.745	-2
-9.5124	-10.8731	-2
-9.1947	-10.5928	-2
-9.0054	-10.104	-2
-9.0967	-9.571	-2
-9.3989	-10.7992	-2
-9.2728	-9.3136	-2
-9.8744	-10.9921	-2
-9.2328	-10.6413	-2
-9.1084	-10.4528	-2
-10.9792	-10.203	-2
-9.8788	-9.0074	-2
-9.5067	-9.1301	-2
-10.8935	-9.5509	-2
-10.8381	-9.4546	-2
-9.0038	-9.9126	-2
-9.5071	-10.8701	-2
-10.1337	-9.009	-2
-10.8285	-10.56	-2
-9.758	-10.9703	-2
-10.3617	-9.0677	-2
-9.6271	-10.9279	-2
-9.2474	-10.6585	-2
-10.3896	-9.079	-2
-10.2271	-9.0261	-2
-10.9665	-10.2567	-2
-10.9224	-9.6138	-2
-10.0896	-10.996	-2
-9.2528	-10.6646	-2
-9.7158	-10.9588	-2
-9.0161	-10.1789	-2
-10.9226	-9.6142	-2
-10.1579	-10.9874	-2
-10.9676	-10.2525	-2
-9.6176	-10.924	-2
-9.1892	-9.4147	-2
-10.9948	-10.1015	-2
-10.6102	-9.2078	-2
-10.9408	-10.3391	-2
-10.4528	-10.8916	-2
-9.2559	-9.3319	-2
-9.0159	-9.8226	-2
-10.7953	-10.6062	-2
-9.1189	-9.527	-2
-10.9443	-10.3291	-2
-9.2388	-9.3515	-2
-9.0587	-10.3377	-2
-10.0307	-9.0005	-2
-10.2245	-10.9745	-2
-10.6954	-9.2813	-2
-10.6204	-9.2158	-2
-10.9989	-9.9521	-2
-9.0089	-10.1335	-2
-10.9389	-9.6557	-2
-9.1087	-9.5465	-2
-9.078	-10.3871	-2
-9.4044	-9.1967	-2
-10.859	-9.488	-2
-9.1073	-10.4506	-2
-10.4331	-9.0987	-2
-10.0625	-9.002	-2
-10.5705	-9.1787	-2
-10.7108	-10.7034	-2
-10.9838	-9.8205	-2
-10.9622	-10.2723	-2
-10.9737	-9.7721	-2
-10.8954	-10.4452	-2
-10.8995	-10.4369	-2
-9.0161	-10.1788	-2
-10.7513	-9.3401	-2
-10.9988	-10.0498	-2
-10.9975	-9.9292	-2
-9.0986	-10.433	-2
-9.8012	-10.98	-2
-9.9422	-9.0017	-2
-9.0676	-10.3615	-2
-10.9837	-10.1799	-2
-10.1786	-10.9839	-2
-10.9791	-10.2034	-2
-9.851	-9.0112	-2
-10.9679	-9.7486	-2
-10.4573	-10.8893	-2
-9.2589	-9.3287	-2
-10.6782	-9.2651	-2
-9.2286	-10.6364	-2
-9.4958	-9.1364	-2
-10.5289	-10.8487	-2
-9.1915	-10.5886	-2
-9.061	-10.3439	-2
-9.1176	-10.4706	-2
-10.9518	-9.6934	-2
-9.0043	-9.9075	-2
-10.4479	-10.8941	-2
-10.8887	-10.4585	-2
-10.9128	-9.5916	-2
-10.6341	-10.7733	-2
-9.3409	-9.2479	-2
-9.7696	-10.9731	-2
-10.0531	-10.9986	-2
-10.7733	-10.634	-2
-10.9951	-9.9012	-2
-10.3762	-9.0735	-2
-9.4263	-10.819	-2
-9.2876	-10.7017	-2
-9.5548	-9.1046	-2
-10.2902	-10.957	-2
-10.9839	-9.8213	-2
-10.8797	-10.4754	-2
-9.8788	-9.0074	-2
-9.2959	-10.7101	-2
-9.1988	-10.5985	-2
-10.8886	-9.5414	-2
-10.9814	-9.8083	-2
-9.3653	-9.2273	-2
-10.3375	-10.9413	-2
-10.9999	-9.9881	-2
-10.912	-9.5898	-2
-9.2644	-10.6774	-2
-9.0173	-10.1853	-2
-9.8586	-9.0101	-2
-9.1126	-10.461	-2
-9.7619	-9.0288	-2
-9.5899	-9.088	-2
-9.1927	-10.5901	-2
-10.5562	-10.831	-2
-10.0905	-10.9959	-2
-10.4634	-10.8861	-2
-10.151	-10.9885	-2
-9.2982	-10.7124	-2
-9.0009	-10.0426	-2
-10.6752	-9.2624	-2
-10.3319	-10.9433	-2
-9.71	-10.957	-2
-9.0403	-10.281	-2
-10.0064	-11.0	-2
-9.0035	-10.0836	-2
-10.2229	-9.0252	-2
-10.4172	-10.9088	-2
-10.8806	-9.5261	-2
-9.6483	-9.0639	-2
-10.6735	-9.2608	-2
-9.3169	-10.7303	-2
-9.0154	-10.1747	-2
-10.0901	-9.0041	-2
-9.5397	-10.8877	-2
-10.0446	-10.999	-2
-9.26	-10.6726	-2
-10.8403	-10.5421	-2
-9.0642	-10.3524	-2
-9.0425	-10.2883	-2
-9.42	-9.1854	-2
-9.0021	-10.0642	-2
-10.3436	-10.9391	-2
-10.5091	-10.8607	-2
-10.8218	-10.5697	-2
-10.1052	-9.0055	-2
-10.9907	-10.136	-2
-10.7417	-9.3293	-2
-9.0956	-10.4267	-2
-10.9739	-10.2269	-2
-9.1264	-9.5134	-2
-10.7654	-10.6435	-2
-9.0715	-10.3714	-2
-9.9474	-9.0014	-2
-9.8368	-9.0134	-2
-11.0	-9.9957	-2
-10.3595	-10.9331	-2
-9.9049	-10.9955	-2
-9.1899	-9.4137	-2
-10.9217	-9.6122	-2
-10.9798	-9.8	-2
-10.0808	-10.9967	-2
-9.0686	-9.636	-2
-9.4192	-9.186	-2
-9.5849	-9.0902	-2
-9.8089	-9.0184	-2
-10.9517	-9.693	-2
-10.271	-10.9626	-2
-9.8659	-10.991	-2
-9.6381	-9.0678	-2
-9.0701	-10.3677	-2
-9.6621	-9.0588	-2
-10.6259	-10.7799	-2
-10.9374	-9.6518	-2
-10.5435	-10.8394	-2
-10.2176	-9.024	-2
-9.286	-9.2998	-2
-9.1578	-9.4608	-2
-9.0216	-9.7932	-2
-10.4289	-9.0967	-2
-9.3623	-10.7703	-2
-9.1042	-9.5554	-2
-10.9924	-10.1232	-2
-9.9654	-10.9994	-2
-9.8412	-9.0127	-2
-10.4146	-9.09	-2
-10.2353	-9.0281	-2
-9.9325	-9.0023	-2
-9.8496	-10.9886	-2
-9.8871	-9.0064	-2
-10.3311	-9.0564	-2
-9.7784	-10.9751	-2
-10.8701	-10.4929	-2
-9.0487	-10.3082	-2
-9.8509	-9.0112	-2
-10.0319	-10.9995	-2
-9.8292	-10.9853	-2
-10.8498	-9.4729	-2
-9.1873	-9.4173	-2
-9.8987	-9.0051	-2
-10.9615	-9.7252	-2
-9.0913	-10.4174	-2
-9.4726	-9.1504	-2
-9.7023	-9.0453	-2
-10.7557	-10.6549	-2
-10.1348	-9.0091	-2
-9.0216	-10.2068	-2
-10.2605	-9.0345	-2
-10.7798	-9.3739	-2
-9.1683	-9.4447	-2
-10.8464	-9.4675	-2
-10.5796	-9.1851	-2
-10.7617	-9.3521	-2
-9.4327	-9.1765	-2
-9.3881	-10.791	-2
-10.9189	-10.3944	-2
-9.4903	-9.1397	-2
-9.0815	-9.6045	-2
-9.1105	-10.4569	-2
-10.8612	-9.4918	-2
-9.4727	-9.1503	-2
-9.1733	-10.5626	-2
-10.8808	-10.4736	-2
-9.4475	-10.8335	-2
-10.4518	-9.1079	-2
-9.3656	-9.227	-2
-10.7743	-9.3672	-2
-10.3542	-10.9352	-2
-9.4773	-10.8525	-2
-9.836	-9.0135	-2
-9.0662	-10.3579	-2
-10.4202	-9.0926	-2
-10.178	-10.984	-2
-9.9336	-10.9978	-2
-9.6259	-9.0726	-2
-9.5457	-9.1092	-2
-10.7188	-10.6952	-2
-10.8896	-10.4567	-2
-10.1692	-9.0144	-2
-10.3034	-9.0471	-2
-10.9985	-10.0543	-2
-10.8025	-10.5966	-2
-9.2046	-10.6061	-2
-9.6909	-9.049	-2
-9.7751	-9.0256	-2
-9.1631	-10.5473	-2
-9.1277	-9.5111	-2
-9.028	-9.7648	-2
-9.0	-9.997	-2
-10.1282	-9.0083	-2
-9.1662	-9.448	-2
-9.6579	-10.9397	-2
-11.0	-10.0021	-2
-10.9987	-10.0505	-2
-10.0835	-9.0035	-2
-9.5791	-9.0929	-2
-9.202	-9.3973	-2
-9.563	-9.1005	-2
-10.5415	-9.1593	-2
-9.3953	-9.2036	-2
-9.5973	-9.0847	-2
-10.5177	-9.1445	-2
-9.8995	-9.0051	-2
-9.1277	-9.5111	-2
-9.0005	-10.0322	-2
-9.4229	-9.1833	-2
-9.8416	-10.9874	-2
-10.9723	-9.7664	-2
-9.2832	-10.6973	-2
-9.1325	-10.4975	-2
-9.0555	-10.3285	-2
-9.1545	-10.534	-2
-10.9162	-10.4007	-2
-10.9991	-10.0431	-2
-9.0082	-10.128	-2
-10.8237	-9.433	-2
-10.877	-10.4804	-2
-10.9803	-9.8026	-2
-9.6096	-10.9206	-2
-9.8493	-10.9886	-2
-10.9557	-10.2942	-2
-9.755	-10.9695	-2
-10.1775	-10.9841	-2
-10.8459	-9.4667	-2
-9.3595	-10.768	-2
-10.999	-9.9545	-2
-9.2415	-10.6517	-2
-10.8148	-9.4202	-2
-10.7778	-10.6285	-2
-9.0017	-10.0586	-2
-10.4638	-10.8859	-2
-10.931	-10.3649	-2
-10.4104	-10.9119	-2
-10.5401	-10.8416	-2
-9.0754	-9.6192	-2
-10.435	-10.9004	-2
-9.9096	-10.9959	-2
-9.4395	-10.8281	-2
-9.4399	-10.8284	-2
-10.6992	-9.2851	-2
-9.3082	-10.7221	-2
-9.3409	-10.752	-2
-10.0915	-10.9958	-2
-10.9768	-9.7859	-2
-10.0002	-9.0	-2
-9.5459	-10.891	-2
-10.9462	-10.3237	-2
-10.7857	-10.6186	-2
-9.9401	-10.9982	-2
-9.0719	-9.6276	-2
-10.63	-9.2234	-2
-10.099	-10.9951	-2
-10.4363	-9.1002	-2
-9.2898	-10.704	-2
-9.0357	-9.7352	-2
-9.013	-10.1608	-2
-10.7198	-9.3058	-2
-10.8264	-10.563	-2
-10.9496	-9.6866	-2
-9.3046	-10.7186	-2
-9.7695	-9.0269	-2
-9.1363	-9.4959	-2
-9.3468	-10.7572	-2
-9.0012	-9.9517	-2
-10.5914	-9.1936	-2
-9.2207	-10.6266	-2
-9.5532	-10.8946	-2
-9.0302	-10.2441	-2
-9.6974	-10.9531	-2
-9.5949	-9.0857	-2
-9.052	-9.6817	-2
-10.3366	-9.0583	-2
-10.9328	-10.3604	-2
-10.995	-9.9003	-2
-10.5352	-10.8447	-2
-10.056	-10.9984	-2
-9.0917	-9.5817	-2
-9.0003	-10.0241	-2
-10.967	-9.7452	-2
-10.8782	-10.4782	-2
-9.0205	-10.2014	-2
-9.223	-9.3705	-2
-9.0002	-10.0194	-2
-9.9799	-9.0002	-2
-10.0291	-10.9996	-2
-10.506	-10.8625	-2
-10.9897	-9.8565	-2
-9.1872	-10.5826	-2
-10.8329	-9.4465	-2
-9.8011	-9.02	-2
-10.9989	-9.9536	-2
-10.5194	-10.8545	-2
-10.5545	-10.8322	-2
-10.0669	-9.0022	-2
-9.0803	-10.3926	-2
-10.6824	-9.269	-2
-9.0704	-9.6313	-2
-10.89	-9.544	-2
-9.0197	-9.8022	-2
-9.0128	-9.8402	-2
-10.3719	-9.0717	-2
-10.6626	-9.251	-2
-9.1652	-9.4495	-2
-10.5776	-10.8163	-2
-10.0852	-10.9964	-2
-9.0422	-9.7125	-2
-9.9664	-10.9994	-2
-9.4798	-9.146	-2
-9.8995	-9.0051	-2
-10.4254	-9.095	-2
-10.0769	-9.003	-2
-10.3615	-9.0676	-2
-9.1461	-10.5204	-2
-10.9994	-10.0346	-2
-9.374	-10.7798	-2
-10.3328	-10.943	-2
-10.7092	-10.7051	-2
-9.0426	-9.7113	-2
-10.9323	-9.6382	-2
-10.7706	-10.6373	-2
-10.9902	-10.1393	-2
-10.3035	-9.0472	-2
-9.8985	-10.9948	-2
-10.3643	-10.9313	-2
-9.2174	-10.6226	-2
-9.0	-9.9972	-2
-10.4514	-10.8923	-2
-10.3509	-9.0636	-2
-10.368	-9.0702	-2
-10.6147	-10.7888	-2
-9.2816	-10.6956	-2
-9.8309	-9.0144	-2
-10.0293	-9.0004	-2
-9.9066	-9.0044	-2
-10.86	-10.5102	-2
-10.2488	-10.9686	-2
-10.5361	-9.1559	-2
-9.6202	-9.0749	-2
-9.1238	-10.482	-2
-9.0001	-10.0147	-2
-10.1799	-9.0163	-2
-9.0176	-9.813	-2
-10.2238	-10.9746	-2
-10.9786	-9.7942	-2
-10.522	-10.8529	-2
-10.941	-10.3385	-2
-10.854	-9.4797	-2
-10.84	-10.5426	-2
-11.0	-9.998	-2
-10.5018	-9.135	-2
-10.9999	-10.0131	-2
-9.2169	-9.3781	-2
-10.998	-10.0624	-2
-10.4856	-9.1258	-2
-9.0981	-9.5681	-2
-10.7572	-10.6532	-2
-10.6006	-9.2004	-2
-10.7491	-9.3376	-2
-10.3854	-9.0772	-2
-10.3088	-9.0489	-2
-9.7205	-10.9601	-2
-9.0008	-10.0402	-2
-9.08	-10.3919	-2
-10.952	-10.3062	-2
-9.2309	-10.6391	-2
-10.9808	-9.805	-2
-9.5762	-9.0942	-2
-10.9867	-9.8373	-2
-10.6816	-10.7317	-2
-10.7585	-10.6516	-2
-10.8899	-9.5439	-2
-10.837	-9.4529	-2
-10.6299	-9.2233	-2
-10.843	-9.4621	-2
-9.1733	-10.5627	-2
-9.0491	-10.3095	-2
-10.8608	-10.5089	-2
-9.1217	-9.522	-2
-9.9718	-10.9996	-2
-10.5962	-9.1972	-2
-10.0417	-9.0009	-2
-10.8598	-9.4894	-2
-9.0303	-10.2443	-2
-10.6557	-10.755	-2
-10.9822	-9.8123	-2
-9.5951	-10.9144	-2
-10.2864	-9.0419	-2
-9.9453	-10.9985	-2
-9.3246	-10.7375	-2
-10.454	-10.891	-2
-9.0009	-10.0423	-2
-10.7331	-10.6802	-2
-10.6995	-9.2854	-2
-10.5248	-9.1488	-2
-10.9405	-9.6602	-2
-9.0633	-10.35	-2
-10.9768	-10.2142	-2
-9.5787	-9.0931	-2
-10.664	-9.2522	-2
-10.2261	-9.0259	-2
-9.142	-9.4863	-2
-10.6881	-10.7256	-2
-9.0474	-9.6957	-2
-10.7347	-9.3216	-2
-9.9757	-9.0003	-2
-9.0298	-9.7578	-2
-10.4659	-9.1151	-2
-10.6649	-9.2531	-2
-9.9723	-10.9996	-2
-10.9951	-10.0988	-2
-9.0094	-9.8631	-2
-9.0563	-10.3309	-2
-10.7285	-10.685	-2
-10.5972	-10.8021	-2
-9.1353	-10.5024	-2
-10.5798	-10.8148	-2
-10.991	-9.8664	-2
-10.3987	-10.9171	-2
-10.6755	-10.7373	-2
-10.6857	-10.7279	-2
-10.0796	-10.9968	-2
-10.5282	-10.8491	-2
-9.039	-10.2765	-2
-10.4049	-9.0856	-2
-10.9955	-9.9055	-2
-10.7614	-10.6483	-2
-10.7521	-9.341	-2
-10.9718	-9.7641	-2
-9.0395	-9.7216	-2
-9.1208	-10.4764	-2
-9.6041	-10.9183	-2
-10.3025	-9.0468	-2
-10.9165	-9.6	-2
-9.8746	-10.9921	-2
-9.0662	-10.3577	-2
-10.6666	-10.7454	-2
-9.001	-9.9551	-2
-9.4543	-10.838	-2
-9.6137	-10.9224	-2
-10.9696	-9.7552	-2
-10.2726	-9.0379	-2
-10.9163	-10.4005	-2
-10.6069	-10.7947	-2
-10.8945	-9.553	-2
-10.8582	-9.4867	-2
-9.6092	-9.0795	-2
-9.3808	-10.7853	-2
-10.4668	-9.1157	-2
-9.2761	-10.69	-2
-10.9615	-9.7252	-2
-10.573	-9.1805	-2
-9.1582	-10.5398	-2
-10.6797	-9.2665	-2
-9.7924	-10.9782	-2
-9.8781	-9.0075	-2
-10.9764	-9.7841	-2
-9.0526	-9.6799	-2
-9.5001	-9.1339	-2
-9.1672	-9.4465	-2
-10.4097	-9.0878	-2
-9.6916	-9.0487	-2
-9.0899	-9.5857	-2
-10.8612	-9.4918	-2
-9.0904	-9.5845	-2
-9.293	-9.2928	-2
-10.7365	-10.6765	-2
-10.9558	-10.2941	-2
-9.8473	-10.9883	-2
-9.5281	-9.1183	-2
-9.649	-10.9364	-2
-10.9995	-9.9696	-2
-9.1649	-9.4499	-2
-9.368	-9.225	-2
-10.3285	-9.0555	-2
-10.1524	-10.9883	-2
-9.0368	-9.7312	-2
-9.4868	-9.1417	-2
-10.0168	-10.9999	-2
-10.7305	-10.6829	-2
-10.6812	-9.2679	-2
-9.2439	-9.3455	-2
-9.4535	-9.1625	-2
-10.2346	-9.0279	-2
-10.9932	-9.8837	-2
-9.1644	-10.5494	-2
-9.5477	-10.8919	-2
-10.9972	-10.0743	-2
-10.0175	-10.9998	-2
-9.0057	-10.1067	-2
-10.9972	-9.9258	-2
-9.8009	-9.02	-2
-9.0206	-9.798	-2
-10.9899	-10.1414	-2
-9.0657	-10.3565	-2
-10.1852	-10.9827	-2
-10.7086	-10.7056	-2
-10.7486	-9.337	-2
-9.8594	-10.9901	-2
-9.3942	-10.7956	-2
-9.0094	-10.1368	-2
-9.9462	-9.0015	-2
-10.0766	-10.9971	-2
-9.8997	-9.005	-2
-10.0091	-11.0	-2
-9.1381	-9.4929	-2
-10.1443	-10.9895	-2
-10.7777	-9.3714	-2
-10.3574	-10.9339	-2
-10.1434	-9.0103	-2
-10.8683	-10.496	-2
-10.8733	-10.4872	-2
-9.1445	-10.5178	-2
-10.0961	-10.9954	-2
-10.7021	-9.2879	-2
-10.8158	-10.5783	-2
-10.2878	-9.0423	-2
-10.7989	-10.6015	-2
-9.1559	-10.5363	-2
-10.9628	-10.2702	-2
-10.9521	-9.6941	-2
-9.8664	-10.991	-2
-9.5701	-10.9029	-2
-10.9559	-9.7064	-2
-9.008	-10.1266	-2
-9.2154	-10.62	-2
-9.0077	-9.8758	-2
-9.005	-10.0996	-2
-9.0945	-10.4243	-2
-9.0309	-9.7533	-2
-10.9973	-10.074	-2
-10.3479	-10.9375	-2
-9.6634	-9.0584	-2
-9.0336	-10.2572	-2
-10.8148	-9.4203	-2
-10.9801	-9.8015	-2
-9.9213	-10.9969	-2
-9.213	-10.6169	-2
-10.906	-10.4233	-2
-10.8397	-9.4569	-2
-9.3634	-10.7712	-2
-9.0001	-9.9846	-2
-10.854	-10.5203	-2
-9.0053	-10.1028	-2
-9.0249	-10.2219	-2
-9.1722	-10.5611	-2
-10.1662	-9.0139	-2
-10.4681	-9.1163	-2
-10.9486	-9.6836	-2
-9.0849	-9.5967	-2
-10.6675	-10.7446	-2
-10.0497	-9.0012	-2
-9.0047	-10.0966	-2
-9.1377	-10.5064	-2
-9.7493	-10.9681	-2
-10.7496	-9.3382	-2
-9.2934	-9.2924	-2
-9.7556	-10.9697	-2
-9.6263	-9.0724	-2
-9.0777	-10.3865	-2
-10.8478	-9.4697	-2
-10.3506	-10.9365	-2
-9.8981	-9.0052	-2
-9.4384	-9.1726	-2
-10.7082	-10.706	-2
-9.4486	-9.1658	-2
-10.7248	-10.689	-2
-10.395	-9.0813	-2
-10.9486	-10.3165	-2
-9.047	-9.6971	-2
-10.9875	-10.1576	-2
-10.3929	-9.0804	-2
-9.5805	-9.0922	-2
-9.5288	-9.118	-2
-10.0867	-9.0038	-2
-10.8378	-9.454	-2
-10.9982	-9.9395	-2
-10.7865	-10.6176	-2
-9.6015	-10.9172	-2
-9.0058	-9.8922	-2
-10.9828	-9.8154	-2
-9.5228	-9.1212	-2
-10.9495	-9.6863	-2
-9.0671	-9.6398	-2
-9.7611	-9.029	-2
-9.3723	-10.7784	-2
-10.7162	-10.6979	-2
-9.5722	-10.9039	-2
-10.703	-10.7112	-2
-10.9991	-9.9587	-2
-9.3678	-9.2252	-2
-9.3905	-9.2072	-2
-10.7311	-9.3178	-2
-10.9502	-9.6885	-2
-9.2088	-10.6116	-2
-9.2216	-9.3722	-2
-9.0043	-10.0923	-2
-10.2636	-9.0354	-2
-9.5941	-10.9139	-2
-9.0149	-10.172	-2
-9.2225	-10.6289	-2
-10.9598	-10.2805	-2
-10.1297	-10.9916	-2
-9.2462	-10.6571	-2
-10.3011	-9.0464	-2
-9.4844	-10.8568	-2
-9.0719	-9.6277	-2
-10.9948	-9.8982	-2
-10.6577	-10.7533	-2
-9.0004	-9.9713	-2
-10.1866	-9.0176	-2
-9.0015	-9.9459	-2
-9.918	-10.9966	-2
-10.1818	-10.9833	-2
-10.8131	-9.4179	-2
-9.7671	-10.9725	-2
-9.2554	-10.6675	-2
-9.012	-9.8452	-2
-9.4339	-10.8243	-2
-10.133	-9.0089	-2
-9.0002	-10.0204	-2
-10.9735	-9.7715	-2
-10.9642	-10.2653	-2
-10.6589	-9.2478	-2
-10.9872	-9.8408	-2
-10.5954	-10.8035	-2
-10.3651	-9.069	-2
-9.2853	-10.6994	-2
-9.0616	-10.3456	-2
-9.0133	-9.8376	-2
-9.663	-9.0585	-2
-10.7768	-9.3702	-2
-10.341	-10.9401	-2
-9.346	-10.7565	-2
-10.9265	-9.6238	-2
-9.7674	-9.0274	-2
-9.1008	-10.4375	-2
-10.685	-9.2715	-2
-9.6071	-10.9196	-2
-9.0568	-10.3323	-2
-9.7673	-9.0274	-2
-9.7895	-10.9776	-2
-9.3188	-9.2679	-2
-9.137	-10.5052	-2
-9.9806	-9.0002	-2
-9.0372	-9.7296	-2
-9.1727	-9.4383	-2
-10.8158	-9.4217	-2
-10.5071	-10.8619	-2
-9.3529	-10.7624	-2
-9.8321	-10.9858	-2
-10.5299	-10.8481	-2
-10.5096	-10.8604	-2
-10.7057	-10.7085	-2
-9.937	-10.998	-2
-10.5124	-9.1413	-2
-10.9852	-9.8284	-2
-10.4375	-9.1008	-2
-10.4485	-9.1062	-2
-10.8434	-9.4627	-2
-10.2147	-9.0233	-2
-10.219	-10.9757	-2
-9.1811	-10.5739	-2
-9.0694	-10.366	-2
-9.5178	-9.1239	-2
-10.984	-10.1781	-2
-10.9024	-9.569	-2
-10.8449	-10.535	-2
-10.8745	-9.515	-2
-9.258	-10.6704	-2
-9.0759	-10.3821	-2
-10.7386	-9.3258	-2
-10.075	-9.0028	-2
-10.4101	-9.088	-2
-10.4469	-10.8946	-2
-10.181	-9.0165	-2
-9.3645	-10.7721	-2
-9.0012	-10.0494	-2
-10.9692	-10.2463	-2
-10.956	-9.7067	-2
-10.3967	-10.9179	-2
-9.8514	-9.0111	-2
-9.028	-9.7652	-2
-10.2779	-9.0394	-2
-9.5465	-9.1088	-2
-10.9035	-10.4287	-2
-9.341	-10.7521	-2
-9.0106	-10.1449	-2
-9.0412	-9.7158	-2
-9.2133	-9.3827	-2
-9.2654	-10.6785	-2
-9.0021	-10.0647	-2
-10.6651	-9.2532	-2
-10.7115	-10.7027	-2
-9.0042	-9.9083	-2
-9.7799	-10.9755	-2
-10.9654	-9.7391	-2
-9.8296	-10.9854	-2
-10.9732	-9.7701	-2
-10.74	-10.6726	-2
-9.8054	-9.0191	-2
-10.8985	-10.439	-2
-10.3954	-10.9185	-2
-10.4873	-10.8733	-2
-10.9028	-9.57	-2
-10.9151	-9.5968	-2
-10.0277	-9.0004	-2
-10.4377	-10.8991	-2
-10.2539	-10.9672	-2
-10.3313	-10.9435	-2
-9.1094	-10.4548	-2
-10.8461	-10.533	-2
-9.6117	-9.0785	-2
-10.8857	-9.5357	-2
-9.0423	-10.2878	-2
-10.5252	-10.851	-2
-10.4323	-9.0983	-2
-10.0548	-9.0015	-2
-10.9631	-9.7309	-2
-9.8061	-10.981	-2
-10.9134	-9.5929	-2
-9.657	-9.0606	-2
-10.4441	-10.896	-2
-10.1979	-9.0198	-2
-9.1534	-9.4678	-2
-9.5451	-9.1095	-2
-10.9999	-10.013	-2
-10.9286	-9.6288	-2
-10.6595	-9.2483	-2
-9.2892	-9.2966	-2
-9.5858	-9.0898	-2
-9.3515	-10.7612	-2
-9.3112	-9.275	-2
-10.733	-9.3198	-2
-9.4515	-10.8362	-2
-9.0794	-10.3905	-2
-10.1916	-9.0185	-2
-9.8898	-10.9939	-2
-10.8341	-10.5516	-2
-9.0692	-9.6345	-2
-9.4342	-10.8245	-2
-9.9327	-9.0023	-2
-9.0277	-10.2339	-2
-9.5873	-10.9109	-2
-9.0753	-10.3808	-2
-9.8597	-10.9901	-2
-9.4643	-9.1556	-2
-10.9744	-10.2247	-2
-10.162	-10.9868	-2
-9.8703	-9.0084	-2
-10.9646	-9.7362	-2
-9.3303	-9.2574	-2
-9.026	-9.7734	-2
-9.2394	-9.3508	-2
-10.3886	-10.9214	-2
-10.5311	-9.1527	-2
-9.1695	-10.557	-2
-10.693	-9.2791	-2
-9.8707	-9.0084	-2
-9.3045	-9.2815	-2
-10.4645	-9.1144	-2
-9.0124	-10.1571	-2
-9.3599	-9.2317	-2
-9.762	-10.9713	-2
-9.4211	-10.8154	-2
-10.6591	-9.2479	-2
-10.239	-10.971	-2
-10.0762	-10.9971	-2
-10.1927	-10.9813	-2
-9.0047	-9.9034	-2
-10.056	-9.0016	-2
-10.9997	-9.9757	-2
-9.0297	-9.7582	-2
-9.3282	-9.2593	-2
-10.843	-9.4621	-2
-10.7661	-10.6427	-2
-9.0138	-9.8342	-2
-9.0021	-10.0647	-2
-10.999	-9.9559	-2
-9.0403	-10.281	-2
-10.4793	-10.8777	-2
-9.1575	-9.4613	-2
-9.0979	-9.5685	-2
-9.666	-10.9426	-2
-9.9783	-9.0002	-2
-10.5351	-9.1552	-2
-9.7831	-10.9762	-2
-9.7308	-10.9631	-2
-10.2281	-10.9736	-2
-9.3596	-10.768	-2
-10.9971	-10.0761	-2
-9.0329	-10.2545	-2
-10.9996	-9.9706	-2
-10.0449	-9.001	-2
-9.1722	-10.561	-2
-9.8665	-10.991	-2
-10.8903	-9.5446	-2
-9.6095	-10.9206	-2
-9.8125	-9.0177	-2
-10.5475	-10.8368	-2
-9.6409	-10.9333	-2
-10.7817	-9.3764	-2
-9.4346	-10.8248	-2
-10.2113	-9.0226	-2
-10.9947	-9.8973	-2
-9.7764	-9.0253	-2
-10.5986	-9.1989	-2
-10.2133	-9.023	-2
-10.9422	-9.665	-2
-10.0608	-10.9982	-2
-9.249	-10.6603	-2
-10.9117	-10.4108	-2
-9.7944	-9.0214	-2
-9.3587	-10.7673	-2
-9.7946	-10.9787	-2
-10.2404	-9.0293	-2
-9.6942	-10.9521	-2
9.5032	9.1322	0
10.7917	9.3891	0
9.9202	9.0032	0
9.7127	10.9578	0
10.3378	10.9412	0
10.1285	10.9917	0
9.1732	9.4375	0
10.2889	10.9574	0
9.3535	9.237	0
10.7918	10.6108	0
9.5356	10.8856	0
9.6474	10.9358	0
9.2938	9.292	0
9.3493	9.2407	0
10.9984	9.9436	0
9.5523	9.1058	0
10.3021	10.9533	0
10.9991	9.9577	0
9.3604	10.7687	0
9.2586	10.6711	0
10.9728	9.7685	0
9.5444	9.1098	0
10.0177	9.0002	0
9.9627	9.0007	0
9.5544	10.8952	0
9.5263	10.8807	0
9.007	9.8819	0
9.9812	9.0002	0
9.026	10.2265	0
10.9529	10.3031	0
10.5139	9.1421	0
10.9684	10.2493	0
9.0398	9.7207	0
9.0376	10.2717	0
10.9843	9.8236	0
10.9743	10.2255	0
9.3136	10.7272	0
9.2811	9.3049	0
9.6463	9.0647	0
9.0005	10.0329	0
10.6998	9.2856	0
10.9878	9.8444	0
10.9846	9.825	0
10.9764	9.7841	0
10.4097	10.9122	0
10.5134	10.8581	0
10.0111	9.0001	0
9.9537	9.0011	0
11.0	10.0056	0
9.7338	10.9639	0
9.4694	10.8476	0
9.9979	11.0	0
9.0	9.9902	0
9.5939	10.9138	0
9.9434	9.0016	0
9.3108	9.2755	0
9.1096	9.5447	0
10.6403	10.7681	0
9.9899	10.9999	0
9.1622	9.454	0
9.2751	9.3112	0
9.2824	9.3035	0
10.205	10.9788	0
10.9966	10.0827	0
10.4159	10.9094	0
10.7358	9.3229	0
9.0341	10.2587	0
9.9195	9.0032	0
9.0306	9.7544	0
10.7607	9.3508	0
9.8762	9.0077	0
9.242	10.6523	0
10.1502	10.9887	0
10.1114	9.0062	0
9.0835	10.3999	0
9.6661	9.0574	0
10.9351	9.6456	0
10.362	9.0678	0
9.0264	9.7718	0
10.1521	10.9884	0
9.1252	10.4844	0
10.9526	10.3041	0
10.3258	10.9454	0
10.0978	9.0048	0
9.1096	9.5447	0
10.8697	9.5063	0
9.9577	9.0009	0
9.0005	10.0317	0
10.7964	10.6047	0
10.6938	9.2798	0
9.3063	9.2797	0
9.4247	10.8179	0
10.5365	10.8439	0
9.0111	9.8517	0
10.2491	10.9685	0
9.1931	9.4093	0
10.9852	10.1715	0
9.0917	9.5817	0
10.0669	10.9978	0
9.4717	9.151	0
9.0159	9.8222	0
10.7961	9.3948	0
9.0671	10.3602	0
10.0332	10.9994	0
10.1639	10.9865	0
9.1031	10.4422	0
10.1429	9.0103	0
9.9023	9.0048	0
9.8047	9.0193	0
9.2181	9.3766	0
9.3679	9.2251	0
10.2965	10.955	0
9.2041	10.6055	0
9.3242	9.2629	0
10.2954	10.9554	0
10.6093	9.2071	0
10.4692	9.1169	0
9.0129	9.8396	0
10.6592	9.2481	0
9.8118	9.0179	0
10.9671	9.7454	0
9.5233	9.1209	0
10.7893	9.386	0
10.2068	9.0216	0
10.9978	9.9342	0
10.8305	10.557	0
10.98	9.801	0
10.4641	10.8858	0
9.3063	10.7203	0
9.1849	10.5794	0
9.7816	9.0241	0
10.3727	10.928	0
9.1655	10.551	0
9.2565	10.6687	0
9.0429	9.7103	0
9.0347	9.7387	0
9.7252	10.9615	0
9.4825	9.1443	0
9.0004	9.9707	0
9.044	9.7065	0
10.9905	9.8623	0
10.9946	9.8967	0
9.5171	10.8757	0
10.566	9.1756	0
10.225	9.0257	0
9.1955	10.5939	0
10.9068	10.4216	0
10.8763	10.4818	0
9.506	10.8695	0
10.8903	9.5446	0
9.4326	9.1766	0
10.4613	9.1127	0
10.9671	9.7454	0
10.1903	9.0183	0
9.0513	9.6837	0
10.285	10.9585	0
9.058	9.6643	0
9.9763	9.0003	0
9.0003	9.9756	0
10.4668	10.8844	0
10.6042	10.7969	0
9.1692	9.4435	0
10.5822	9.1869	0
10.7029	9.2887	0
10.4263	9.0954	0
9.5652	10.9005	0
9.8531	9.0108	0
10.7527	10.6584	0
10.1389	10.9903	0
10.7239	9.3101	0
10.6621	9.2506	0
10.9949	10.1008	0
10.0073	11.0	0
10.9862	9.8346	0
9.6981	10.9533	0
10.8945	10.4471	0
9.125	10.4841	0
10.9298	9.632	0
9.7281	10.9623	0
9.3798	9.2155	0
10.8288	9.4404	0
9.6202	9.0749	0
10.4516	10.8922	0
10.0225	9.0003	0
9.5878	9.0889	0
10.5034	10.8641	0
9.0679	10.3621	0
9.1368	9.4951	0
9.291	9.2948	0
9.0381	9.7266	0
10.3818	10.9242	0
9.6867	10.9496	0
10.1137	9.0065	0
10.9864	10.1647	0
10.5065	9.1377	0
10.3177	10.9482	0
10.359	9.0667	0
9.2708	10.6843	0
9.5818	9.0917	0
10.5234	10.8521	0
9.7885	10.9774	0
9.092	10.4191	0
9.0442	10.2939	0
10.9685	9.7511	0
10.1376	9.0095	0
9.0255	10.2244	0
10.1613	9.0131	0
10.7811	10.6244	0
9.0928	9.5793	0
10.466	10.8848	0
9.23	10.638	0
10.9425	9.6657	0
9.6148	10.9228	0
10.59	9.1926	0
10.7427	9.3303	0
10.9882	10.1532	0
10.9998	10.018	0
10.9484	9.6828	0
9.402	9.1985	0
9.6464	9.0646	0
9.0132	10.162	0
9.3488	9.2411	0
9.1027	9.5587	0
9.2566	9.3312	0
9.0043	10.0929	0
9.0771	9.6149	0
10.7976	10.6032	0
9.1182	9.5284	0
9.7163	9.0411	0
10.9939	10.1106	0
10.7645	9.3554	0
9.7268	9.0381	0
9.0462	9.6997	0
10.7124	10.7018	0
10.9511	10.3088	0
10.4796	9.1225	0
9.001	10.0444	0
10.9901	10.1403	0
9.0748	10.3794	0
10.0159	10.9999	0
10.8686	9.5045	0
9.1815	10.5746	0
10.9549	9.7031	0
9.1735	9.4371	0
10.8813	10.4726	0
9.2911	10.7053	0
10.7831	10.6219	0
9.7645	9.0281	0
10.462	10.8869	0
9.0854	10.4044	0
10.9291	9.6302	0
10.6572	10.7537	0
10.9761	10.2173	0
9.0145	9.83	0
9.6534	9.062	0
10.4105	9.0882	0
10.8303	10.5574	0
10.5789	9.1846	0
10.4635	10.8861	0
9.2849	9.301	0
10.2072	10.9783	0
10.5547	10.832	0
9.9282	9.0026	0
9.0108	10.1462	0
10.7546	9.3438	0
10.3007	10.9537	0
9.3311	9.2567	0
10.7701	10.638	0
9.7346	9.0359	0
10.2792	9.0398	0
9.0046	9.9045	0
9.4524	9.1633	0
9.0908	10.4164	0
9.0027	10.0739	0
10.4205	9.0927	0
10.4493	10.8934	0
9.3827	10.7867	0
10.993	10.1185	0
10.003	11.0	0
10.2342	10.9722	0
9.46	9.1584	0
10.7064	9.2922	0
10.9643	10.265	0
10.9574	10.2888	0
9.4501	9.1647	0
9.6074	10.9197	0
10.1415	9.0101	0
10.9974	10.072	0
9.0025	10.0702	0
10.9861	10.1661	0
9.3192	9.2676	0
9.9556	10.999	0
10.1855	9.0173	0
10.3372	9.0586	0
10.5309	10.8474	0
9.7313	9.0368	0
10.4794	9.1224	0
10.9273	9.6258	0
9.0437	10.2925	0
9.0	10.0073	0
9.0957	9.5732	0
9.3537	9.2369	0
10.4669	9.1157	0
10.1157	10.9933	0
10.0066	11.0	0
10.7622	10.6473	0
9.9416	9.0017	0
10.9977	9.932	0
10.9986	10.052	0
10.471	9.1179	0
10.2585	9.034	0
10.6128	10.7902	0
9.1316	10.4959	0
9.6916	10.9513	0
9.5967	9.0849	0
9.4833	9.1438	0
10.9599	10.2805	0
10.9983	9.9412	0
9.0497	10.3114	0
9.0299	10.2428	0
9.9391	9.0019	0
10.7624	10.6471	0
9.3835	9.2126	0
9.6321	9.0701	0
9.3638	10.7715	0
10.6139	10.7894	0
10.5799	10.8147	0
9.0536	9.6771	0
9.8749	9.0079	0
10.3223	10.9467	0
11.0	9.9985	0
9.9495	9.0013	0
10.2612	10.9653	0
10.6451	10.7641	0
9.0466	10.3017	0
9.8574	10.9898	0
9.2012	10.6016	0
10.9921	9.8749	0
9.8254	9.0154	0
10.7736	9.3663	0
10.9652	10.2616	0
9.1512	9.4713	0
10.9998	9.9799	0
9.2422	10.6525	0
10.8509	9.4746	0
9.8636	9.0093	0
10.5924	10.8057	0
10.4146	10.91	0
10.9781	10.2081	0
10.8139	9.419	0
9.653	10.9379	0
10.0963	10.9954	0
9.0022	9.9334	0
10.9332	10.3594	0
10.5545	10.8322	0
9.2196	10.6253	0
9.8137	10.9825	0
10.1514	10.9885	0
10.7607	9.3509	0
10.589	9.1919	0
10.1752	9.0155	0
9.7022	9.0454	0
9.3529	9.2376	0
9.1733	9.4374	0
9.1932	9.4092	0
10.999	10.0446	0
9.7074	10.9562	0
9.8026	9.0197	0
9.5939	10.9138	0
10.0364	10.9993	0
9.9206	10.9968	0
10.3256	9.0545	0
9.0059	9.8918	0
9.0062	9.8885	0
9.6385	9.0676	0
9.0765	10.3836	0
10.6539	9.2434	0
9.3976	10.7982	0
9.668	9.0567	0
9.0081	10.1271	0
9.445	9.1682	0
10.8443	9.4642	0
9.5254	9.1198	0
10.7075	9.2933	0
10.9331	9.6403	0
9.0145	10.1698	0
9.1195	9.526	0
9.0	10.0082	0
9.1402	10.5107	0
9.0343	10.2597	0
9.4307	10.8221	0
9.1977	9.4031	0
10.9974	10.0718	0
9.0302	9.7562	0
9.0362	10.2665	0
9.234	9.3571	0
9.5638	9.1002	0
9.9083	9.0042	0
10.1314	9.0087	0
10.1451	10.9894	0
10.6611	10.7503	0
10.2196	9.0244	0
9.6774	9.0535	0
9.2354	10.6445	0
9.377	9.2178	0
10.4774	10.8787	0
10.6587	9.2476	0
9.5843	10.9095	0
10.7588	9.3487	0
9.8865	9.0065	0
9.254	9.3341	0
9.7548	9.0305	0
10.999	10.0453	0
10.9454	10.3258	0
9.1616	9.455	0
10.226	10.9741	0
9.5564	9.1038	0
9.4245	10.8178	0
9.0009	10.0414	0
10.7161	10.698	0
10.9193	9.6064	0
9.1715	9.4401	0
9.029	10.239	0
10.6088	10.7933	0
9.0019	10.0618	0
10.3569	9.0659	0
9.9271	10.9973	0
9.9919	9.0	0
9.9829	9.0001	0
10.9963	10.0855	0
10.5704	9.1786	0
10.9749	9.7773	0
10.2795	9.0399	0
10.9256	9.6215	0
9.0337	10.2575	0
10.9884	9.8481	0
10.5332	10.846	0
9.3926	10.7944	0
9.9419	10.9983	0
10.2496	10.9684	0
10.9657	10.2595	0
10.9643	10.2648	0
10.0473	9.0011	0
10.8034	10.5955	0
10.6066	10.795	0
9.3073	9.2788	0
9.0018	10.0601	0
9.009	9.8659	0
9.0423	10.2877	0
9.8988	9.0051	0
9.1028	10.4416	0
9.8904	10.994	0
9.7939	10.9785	0
10.4635	10.8861	0
10.3025	9.0468	0
10.1974	10.9803	0
9.2346	10.6435	0
9.437	9.1735	0
10.5571	9.1696	0
9.4268	9.1806	0
9.0948	9.5751	0
10.9972	10.0751	0
9.1818	10.5749	0
9.0231	9.7864	0
9.0523	10.3192	0
9.6054	10.9189	0
9.0072	10.1197	0
10.7241	10.6897	0
9.9092	9.0041	0
10.988	9.8457	0
10.9602	9.7205	0
9.2765	9.3097	0
9.0318	10.25	0
9.1058	10.4476	0
9.4452	10.832	0
9.0147	10.1706	0
9.0052	9.8984	0
10.5008	9.1344	0
9.8925	10.9942	0
10.9994	9.9649	0
9.7297	9.0372	0
9.7656	10.9721	0
9.0429	10.2898	0
9.1102	10.4564	0
10.973	10.2308	0
9.3985	9.2011	0
9.3169	10.7303	0
10.1946	9.0191	0
9.0015	10.0553	0
9.1597	10.5421	0
9.5966	10.915	0
9.2959	10.7101	0
9.8482	9.0116	0
9.9522	9.0011	0
9.3399	9.2488	0
10.4938	9.1304	0
10.6842	9.2707	0
9.5652	9.0995	0
10.2503	9.0318	0
10.5054	10.8629	0
10.0039	11.0	0
9.9696	10.9995	0
9.6372	10.9319	0
9.0384	10.2743	0
9.019	9.8061	0
9.2764	10.6902	0
10.4027	10.9153	0
10.5109	10.8596	0
10.9899	9.8586	0
9.19	10.5864	0
9.3344	10.7464	0
10.5529	10.8333	0
10.1401	10.9901	0
9.2966	9.2892	0
10.7742	10.6329	0
10.4638	9.1141	0
9.037	10.2697	0
10.9997	9.9759	0
10.7463	9.3344	0
10.9197	9.6073	0
10.4657	9.115	0
10.978	10.2087	0
9.9221	9.003	0
9.067	9.64	0
10.3436	9.0609	0
10.4714	9.1181	0
9.028	9.7652	0
10.5469	10.8372	0
10.9715	9.7628	0
9.0039	10.0881	0
10.996	9.9111	0
9.8576	10.9898	0
10.9045	10.4264	0
9.5202	9.1226	0
10.9296	9.6315	0
9.9231	10.997	0
10.6341	10.7732	0
10.9986	10.053	0
9.1774	10.5686	0
11.0	9.9969	0
10.3859	10.9225	0
9.0	10.0019	0
9.0035	10.0832	0
9.0398	9.7205	0
9.8891	9.0062	0
10.4921	9.1295	0
10.9304	9.6334	0
9.9094	9.0041	0
10.9623	10.2721	0
10.5427	10.8399	0
9.0408	9.7173	0
9.0209	10.2034	0
9.6253	9.0728	0
9.6311	9.0705	0
10.0968	9.0047	0
10.6697	10.7426	0
9.8504	10.9887	0
9.4809	9.1453	0
9.2089	9.3883	0
9.7433	10.9665	0
10.9619	9.7266	0
9.875	9.0078	0
9.0038	10.0871	0
9.3015	9.2844	0
10.9312	10.3645	0
10.9846	10.175	0
9.0074	10.1218	0
9.1786	9.4297	0
10.9998	9.9786	0
9.1465	10.5211	0
10.7724	10.6351	0
10.9679	10.2512	0
10.8733	10.4871	0
9.0392	10.2771	0
10.9949	9.8996	0
10.9973	9.9267	0
9.9548	9.001	0
9.0184	9.809	0
10.0209	10.9998	0
9.0148	9.8285	0
9.1493	10.5256	0
9.8636	9.0094	0
9.4513	9.164	0
10.5233	9.1479	0
9.6988	9.0464	0
10.0458	10.999	0
10.1222	9.0075	0
10.2943	9.0443	0
9.4321	9.1769	0
9.3165	9.27	0
9.0118	9.8467	0
9.2339	10.6428	0
9.5962	9.0851	0
10.5757	9.1824	0
10.1349	9.0091	0
9.6798	10.9474	0
9.5374	9.1134	0
9.001	10.0455	0
9.1364	10.5043	0
9.243	10.6534	0
9.1977	10.5969	0
10.926	9.6225	0
9.3663	9.2264	0
10.1146	9.0066	0
10.6672	9.2551	0
10.9996	9.9717	0
9.5376	9.1133	0
9.356	10.765	0
9.0105	10.1444	0
9.0401	9.7197	0
9.979	9.0002	0
10.8026	9.4035	0
10.366	9.0694	0
9.4797	10.854	0
9.0297	10.2421	0
9.9081	10.9958	0
10.4726	9.1187	0
9.2061	9.392	0
9.5322	9.1162	0
9.5842	9.0905	0
10.9978	9.9339	0
9.4345	9.1753	0
9.4648	9.1553	0
9.4117	9.1914	0
10.5379	9.157	0
10.3824	9.076	0
10.8419	10.5396	0
9.3012	10.7153	0
9.0527	10.3204	0
9.8072	10.9812	0
9.0098	10.14	0
10.6938	10.7201	0
9.855	9.0106	0
9.0057	10.1063	0
10.6789	9.2658	0
9.2067	9.3911	0
9.0964	10.4284	0
9.6564	10.9391	0
9.2159	10.6207	0
10.7031	9.2889	0
9.6672	10.943	0
9.7601	10.9708	0
10.2607	10.9654	0
9.7399	9.0344	0
10.2754	10.9613	0
10.5282	9.1509	0
10.7977	9.397	0
9.497	10.8643	0
10.7405	9.3279	0
9.0225	9.7889	0
9.0073	10.1206	0
10.8168	10.5769	0
10.7773	9.3709	0
10.7622	9.3527	0
9.2287	9.3636	0
9.2505	9.338	0
9.2277	9.3647	0
10.6664	10.7456	0
10.1213	10.9926	0
9.1845	9.4212	0
10.2118	10.9773	0
9.0448	10.296	0
9.2244	9.3688	0
9.2778	10.6917	0
10.9708	10.24	0
10.9675	9.7471	0
9.0412	10.2841	0
9.0215	10.2065	0
9.8199	10.9836	0
10.9707	9.7595	0
9.8959	9.0054	0
10.895	9.554	0
10.1075	10.9942	0
10.7457	10.6663	0
9.1357	9.497	0
10.4319	10.9019	0
10.8484	10.5293	0
9.0041	10.0906	0
10.7132	9.2991	0
10.436	9.1001	0
9.0111	9.8515	0
10.9086	10.4177	0
9.9184	9.0033	0
9.3252	10.738	0
9.4076	10.8056	0
9.0945	10.4243	0
10.0392	10.9992	0
10.2391	10.971	0
10.0415	10.9991	0
9.001	9.9559	0
10.7962	9.3949	0
9.2887	9.2971	0
10.3775	9.074	0
9.0279	9.7653	0
10.9838	10.1794	0
10.0618	9.0019	0
10.9718	9.7642	0
9.8113	9.018	0
9.144	9.4831	0
9.2338	10.6426	0
9.0014	10.0531	0
9.9675	10.9995	0
10.8092	9.4125	0
10.9576	10.2881	0
10.1651	10.9863	0
9.7304	10.963	0
9.7974	9.0207	0
9.0062	10.1114	0
9.2621	9.3251	0
9.0021	10.0654	0
9.2518	9.3365	0
10.8576	10.5143	0
9.6473	10.9357	0
9.6375	9.068	0
9.002	10.0625	0
9.1126	10.4609	0
9.2968	9.2891	0
10.0472	9.0011	0
9.079	9.6104	0
9.0112	9.8509	0
9.1133	10.4624	0
9.5811	10.908	0
9.1859	9.4193	0
9.1259	9.5143	0
9.4132	9.1903	0
9.7768	9.0252	0
9.4451	10.8319	0
9.5753	10.9053	0
10.3735	9.0724	0
10.731	9.3176	0
9.0087	10.1315	0
9.5157	10.8749	0
9.013	10.1608	0
9.002	9.9362	0
10.0102	10.9999	0
9.1315	10.4958	0
10.0616	9.0019	0
9.0109	10.1474	0
10.5322	10.8466	0
9.8156	10.9829	0
9.3702	9.2233	0
9.1816	9.4253	0
10.1822	9.0167	0
10.9585	10.2852	0
9.0988	9.5665	0
9.3305	10.7428	0
10.9625	10.2711	0
10.3368	9.0584	0
10.6361	10.7716	0
9.8105	9.0181	0
10.8537	10.5207	0
10.742	10.6704	0
10.6373	9.2294	0
9.0323	9.7478	0
10.988	10.1542	0
10.7622	10.6473	0
10.9891	9.8528	0
9.4244	10.8178	0
10.8803	10.4744	0
9.3202	9.2666	0
9.0175	9.8137	0
9.3929	9.2054	0
9.6539	10.9382	0
10.1613	10.9869	0
10.7409	9.3284	0
9.0027	9.9261	0
9.13	9.507	0
10.8236	9.4329	0
9.9537	9.0011	0
10.6762	9.2633	0
9.9325	9.0023	0
10.9975	9.9294	0
10.2868	9.042	0
9.9584	9.0009	0
10.9924	9.8766	0
9.1227	10.48	0
9.7982	10.9794	0
9.1964	9.4048	0
9.3294	10.7418	0
9.2302	10.6383	0
10.7391	9.3264	0
10.0671	9.0023	0
10.7687	9.3604	0
9.1193	9.5263	0
10.1689	10.9856	0
9.8899	10.9939	0
10.0237	9.0003	0
10.9941	9.8912	0
10.7835	10.6214	0
10.1651	9.0137	0
9.5479	9.108	0
9.0577	10.3349	0
10.6999	10.7142	0
9.1192	9.5265	0
10.9467	9.6778	0
9.0122	9.8443	0
9.6921	9.0486	0
10.9967	10.0815	0
10.4861	10.8739	0
10.2528	9.0325	0
10.7402	10.6724	0
10.3754	9.0731	0
10.8205	9.4283	0
10.7658	9.3569	0
10.4294	10.9031	0
9.1491	9.4746	0
10.9809	9.8054	0
9.213	10.6169	0
9.855	10.9894	0
10.3454	9.0615	0
10.8636	9.4958	0
9.3555	9.2354	0
9.0444	10.2946	0
9.6959	9.0474	0
10.4813	9.1234	0
10.7738	9.3665	0
9.9625	10.9993	0
9.069	10.3651	0
10.9771	10.2129	0
10.0136	10.9999	0
10.7045	9.2903	0
10.9828	10.1848	0
9.0152	10.1735	0
9.3288	10.7413	0
10.8272	10.5619	0
9.7594	10.9706	0
10.3541	10.9352	0
10.7955	9.394	0
10.9246	9.6191	0
10.977	10.2131	0
10.9954	9.9039	0
9.0201	9.8008	0
9.9049	10.9955	0
9.0729	10.3749	0
10.9981	9.9382	0
9.1886	10.5845	0
10.9203	10.3911	0
10.871	9.5087	0
9.2038	9.3949	0
9.0923	10.4195	0
9.227	9.3656	0
9.0306	9.7545	0
10.878	9.5213	0
10.7005	9.2864	0
9.0064	10.1134	0
10.2502	10.9682	0
9.1679	10.5547	0
9.2835	10.6976	0
10.9657	9.7405	0
10.3177	9.0518	0
9.1439	10.5167	0
9.609	10.9204	0
9.0035	9.9167	0
10.9979	9.9352	0
10.386	9.0775	0
10.6605	10.7508	0
10.688	9.2743	0
10.0501	10.9987	0
9.281	10.695	0
10.9748	9.7768	0
10.9523	9.6949	0
9.1143	9.5358	0
9.0157	9.8237	0
10.9823	9.8125	0
10.2654	9.0359	0
9.101	10.4379	0
9.275	10.6887	0
9.2866	9.2992	0
10.7941	10.6077	0
9.0011	10.0475	0
10.2647	10.9643	0
10.5971	9.1979	0
10.9126	10.4089	0
10.9021	10.4316	0
9.2835	9.3024	0
10.6925	9.2786	0
9.0115	10.1515	0
10.7535	10.6574	0
10.9344	9.6438	0
9.3891	9.2083	0
9.1008	10.4376	0
9.8519	9.011	0
10.8263	9.4368	0
9.0185	10.1915	0
9.9898	9.0001	0
9.0493	9.69	0
9.9817	10.9998	0
10.9029	9.5702	0
9.8011	9.02	0
10.8445	9.4644	0
10.9704	9.7584	0
10.3938	10.9192	0
9.0602	9.6582	0
10.3778	10.9259	0
9.0	9.9932	0
10.0906	10.9959	0
10.2556	9.0332	0
9.2002	9.3997	0
10.8182	10.5749	0
10.8608	9.491	0
10.789	10.6144	0
10.8132	9.4181	0
9.0022	10.0663	0
9.0022	9.9339	0
9.4788	9.1466	0
10.5219	10.853	0
9.0069	10.1176	0
9.1144	10.4644	0
9.8594	10.9901	0
9.8904	9.006	0
10.9121	9.5901	0
10.8795	9.5242	0
9.3744	10.7801	0
10.9955	9.9055	0
10.6729	10.7397	0
10.1715	10.9852	0
9.6024	10.9175	0
10.9116	10.411	0
10.7808	9.3752	0
9.0466	10.3016	0
9.2566	9.3311	0
9.3783	9.2168	0
9.6026	9.0823	0
9.9669	10.9995	0
10.0826	10.9966	0
10.6582	10.7529	0
10.1968	10.9804	0
10.4974	9.1325	0
9.1518	9.4703	0
9.3088	10.7227	0
9.0961	9.5723	0
10.7717	9.364	0
9.1641	9.4512	0
9.0571	9.6668	0
9.0513	10.3161	0
9.8723	10.9918	0
10.9857	9.8314	0
10.8707	9.5081	0
10.4986	9.1332	0
10.1219	9.0075	0
9.0904	10.4155	0
9.1219	10.4785	0
10.0761	10.9971	0
10.785	9.3805	0
10.0719	10.9974	0
9.9539	10.9989	0
9.3568	10.7657	0
9.237	9.3536	0
9.0382	10.2736	0
9.0006	10.0334	0
10.0	11.0	0
9.0393	10.2774	0
9.6225	10.926	0
9.8308	10.9856	0
9.107	10.4501	0
10.1615	9.0131	0
10.1402	10.9901	0
10.8829	9.5305	0
10.9185	9.6047	0
9.76	9.0292	0
10.7961	10.6052	0
10.9193	10.3935	0
9.6737	10.9453	0
9.6874	9.0501	0
9.2195	9.3749	0
10.0407	9.0008	0
10.9237	10.3831	0
9.4195	9.1858	0
9.1122	9.5397	0
9.1522	10.5303	0
10.8	9.4	0
9.0969	9.5707	0
10.7023	10.7119	0
10.8856	10.4644	0
9.9886	10.9999	0
10.2039	9.021	0
9.4202	10.8148	0
9.4277	9.1799	0
10.1082	9.0059	0
9.0078	9.8752	0
10.2172	9.0239	0
9.4412	9.1707	0
10.0784	10.9969	0
9.3018	10.7159	0
10.7402	9.3276	0
10.6769	9.2639	0
9.7756	10.9745	0
10.4696	10.8829	0
9.0475	9.6954	0
10.5001	9.134	0
9.6677	9.0568	0
10.7107	9.2965	0
10.9999	9.9848	0
10.9973	10.0738	0
9.9529	10.9989	0
9.1173	9.5301	0
9.2198	10.6255	0
9.1068	10.4496	0
10.8666	10.4989	0
9.0851	10.4036	0
10.3696	9.0708	0
9.0043	9.9074	0
10.7846	10.62	0
10.9958	10.0912	0
9.797	10.9792	0
9.3209	9.266	0
10.8341	9.4484	0
9.6638	9.0582	0
10.3012	9.0464	0
10.6335	10.7737	0
9.1107	10.4572	0
9.9285	10.9974	0
9.6513	9.0628	0
9.004	9.9107	0
10.7107	9.2966	0
10.9996	9.9703	0
9.5388	9.1127	0
9.1391	9.4911	0
9.5633	10.8996	0
10.5188	9.1451	0
9.0827	10.3983	0
10.5373	9.1566	0
9.6398	9.0671	0
9.6821	9.0519	0
9.3516	9.2387	0
10.9779	9.7909	0
10.9838	9.8209	0
10.2051	9.0212	0
9.742	9.0338	0
10.9364	9.6491	0
9.2872	10.7013	0
10.9635	10.2678	0
9.2507	9.3377	0
9.3543	9.2364	0
9.755	9.0305	0
9.4094	9.1931	0
9.4319	10.823	0
9.2644	9.3226	0
9.6404	9.0669	0
10.9884	10.1521	0
10.9484	10.3172	0
9.0127	9.8411	0
10.9419	9.6641	0
9.0833	9.6004	0
9.8175	9.0168	0
10.6844	9.2709	0
10.2876	9.0423	0
10.3248	9.0542	0
10.2363	10.9717	0
10.9224	10.3862	0
10.596	9.197	0
10.4345	9.0993	0
9.0385	10.2749	0
10.9999	10.0163	0
10.9433	9.668	0
10.3321	10.9432	0
10.4139	10.9103	0
10.9551	9.7037	0
10.9985	9.9452	0
10.7131	10.701	0
10.9868	9.8378	0
9.0012	10.0485	0
10.1134	10.9936	0
10.7662	10.6426	0
10.2355	10.9719	0
9.3013	10.7154	0
9.1243	10.4829	0
10.2044	9.0211	0
9.3993	10.7994	0
10.1346	10.9909	0
10.3383	10.941	0
9.1087	9.5465	0
10.4983	10.867	0
10.2385	10.9711	0
10.5311	9.1527	0
10.7188	10.6952	0
10.0759	9.0029	0
10.5714	10.8207	0
9.0003	10.0233	0
9.0526	9.68	0
10.867	10.4984	0
9.0649	9.6456	0
10.6117	10.7911	0
9.0641	9.6476	0
9.6961	10.9527	0
10.6635	9.2518	0
10.4552	10.8904	0
9.0939	9.577	0
10.7794	10.6265	0
9.0074	9.8787	0
9.0184	9.8093	0
9.3938	10.7953	0
10.8958	9.5556	0
10.663	9.2514	0
9.9451	10.9985	0
9.9269	9.0027	0
9.7977	9.0207	0
10.9939	10.1099	0
9.0144	10.1693	0
10.3984	10.9172	0
10.54	10.8417	0
9.0012	10.0488	0
10.9693	10.2459	0
9.1687	10.5558	0
9.4487	10.8343	0
10.5899	10.8075	0
9.9617	10.9993	0
10.4196	9.0923	0
9.1691	10.5564	0
9.8563	9.0104	0
10.7406	10.6719	0
10.9938	10.1111	0
9.3011	9.2848	0
10.059	10.9983	0
9.1909	10.5876	0
9.0154	10.1747	0
9.8624	9.0095	0
10.8689	9.5051	0
10.9318	10.3631	0
9.0028	9.9257	0
9.3631	9.229	0
10.0505	9.0013	0
10.2511	10.968	0
10.8627	10.5058	0
9.869	10.9914	0
10.979	9.7962	0
9.2289	10.6367	0
9.0309	9.7532	0
10.937	10.3492	0
10.6067	9.2051	0
9.0602	9.6583	0
9.0003	10.0224	0
10.9586	10.2848	0
10.3395	10.9406	0
10.1535	10.9881	0
10.8091	9.4123	0
9.821	9.0161	0
10.9504	10.3109	0
10.409	10.9126	0
10.3019	10.9533	0
10.4235	10.9059	0
10.9983	10.0588	0
10.623	9.2178	0
9.71	10.957	0
10.3664	9.0695	0
10.9941	9.8918	0
9.3499	9.2401	0
9.2434	9.3461	0
9.5606	10.8983	0
10.8868	9.5379	0
10.9528	9.6965	0
10.4545	9.1092	0
9.0063	9.8883	0
10.8573	9.4852	0
9.2503	9.3383	0
10.3946	10.9189	0
9.0306	9.7543	0
10.2007	10.9797	0
9.1148	10.4651	0
10.5139	9.1422	0
9.055	9.673	0
10.9148	9.596	0
10.8493	9.4721	0
9.6221	9.0741	0
9.8	9.0202	0
9.0043	9.9077	0
9.0725	9.6261	0
10.9515	10.3076	0
9.2446	9.3447	0
10.1037	10.9946	0
10.1694	10.9855	0
9.6263	10.9276	0
10.8856	9.5356	0
10.3232	10.9463	0
10.9203	10.3912	0
10.033	10.9995	0
10.9991	9.9582	0
9.1179	9.529	0
10.8502	9.4736	0
10.0646	10.9979	0
10.5399	9.1583	0
9.0945	9.5756	0
10.7294	10.6841	0
9.4142	10.8105	0
9.8427	9.0125	0
10.9027	9.5697	0
10.9258	10.3779	0
10.7339	10.6792	0
9.9033	9.0047	0
10.8686	10.4956	0
10.1396	10.9902	0
9.5794	10.9073	0
9.3649	9.2276	0
9.2427	9.347	0
9.5184	9.1236	0
10.9904	10.1384	0
9.2633	9.3238	0
10.5879	10.8089	0
10.9829	10.1841	0
10.5966	9.1974	0
10.3626	9.068	0
9.035	10.2621	0
9.1866	9.4183	0
10.705	10.7092	0
9.9325	10.9977	0
9.5959	10.9147	0
9.9679	10.9995	0
9.0244	9.7806	0
10.952	9.6939	0
9.0955	10.4264	0
10.8903	10.4555	0
9.3581	10.7668	0
9.0998	10.4354	0
10.3672	10.9301	0
10.7699	10.6382	0
10.5843	9.1884	0
10.1894	9.0181	0
10.3566	9.0657	0
10.7955	10.606	0
9.8903	10.994	0
9.0173	9.8145	0
9.0064	10.1132	0
10.3079	10.9514	0
10.9911	10.1333	0
9.5899	9.088	0
9.4907	10.8606	0
10.6329	10.7743	0
9.0985	9.5672	0
9.0	9.9907	0
10.3387	10.9409	0
10.0934	9.0044	0
10.9614	9.7248	0
9.3129	9.2735	0
9.0044	10.0936	0
9.9618	10.9993	0
9.015	9.8276	0
9.1793	10.5714	0
10.9952	9.9018	0
10.9703	10.2418	0
9.8804	10.9928	0
10.1273	10.9919	0
10.961	10.2767	0
9.7695	9.0269	0
9.1511	10.5286	0
10.9976	10.0687	0
9.0841	10.4014	0
9.377	9.2178	0
10.2451	9.0305	0
10.1156	9.0067	0
9.0223	10.2102	0
9.2551	10.6672	0
9.4195	9.1857	0
9.8446	9.0121	0
10.9652	9.7384	0
10.421	9.0929	0
9.0936	9.5775	0
9.8536	9.0108	0
10.6786	10.7345	0
9.5229	10.8789	0
10.7812	9.3757	0
10.4713	10.882	0
10.2812	9.0404	0
10.9981	10.0612	0
9.6536	10.9381	0
10.8871	9.5384	0
10.6763	9.2634	0
9.5194	10.8769	0
9.0487	9.6917	0
9.6922	10.9515	0
10.9706	9.7592	0
10.7675	10.641	0
9.1336	10.4994	0
10.9385	9.6547	0
9.9497	10.9987	0
9.5812	10.9081	0
9.8734	10.992	0
10.7639	10.6454	0
9.3192	10.7325	0
9.7967	9.0209	0
9.6283	9.0717	0
10.9999	9.9877	0
10.2106	10.9776	0
9.0163	9.8201	0
10.2425	9.0298	0
9.0876	10.4093	0
9.3322	9.2557	0
10.9892	10.1468	0
10.9217	10.3879	0
9.012	9.8457	0
9.3747	9.2196	0
10.176	10.9844	0
9.3647	9.2277	0
9.0242	10.2186	0
9.526	10.8805	0
9.4219	9.184	0
9.686	9.0506	0
10.851	9.4749	0
9.8472	9.0117	0
9.5571	10.8966	0
9.1275	10.4886	0
10.8349	10.5504	0
10.6588	10.7523	0
9.7739	10.9741	0
9.0686	10.364	0
9.6629	10.9415	0
9.5299	10.8826	0
9.5748	9.0949	0
10.9855	10.1696	0
10.9219	10.3874	0
9.8336	9.0139	0
10.9545	9.7019	0
9.1161	10.4677	0
9.5491	9.1074	0
9.6503	9.0631	0
11.0	9.99	0
9.2547	9.3333	0
10.0052	9.0	0
9.0	9.9903	0
9.1217	9.5218	0
9.5832	9.091	0
9.0052	10.1021	0
9.0087	9.8682	0
9.4182	9.1867	0
10.3961	10.9182	0
9.0102	10.1425	0
9.4764	9.148	0
10.9871	10.1604	0
9.0	9.9946	0
10.1996	9.0201	0
10.9684	10.2495	0
10.1712	9.0148	0
9.0042	9.9083	0
10.1199	10.9928	0
9.0076	9.8773	0
10.8725	9.5114	0
9.138	10.507	0
10.2766	9.039	0
9.0004	9.9707	0
10.3056	10.9521	0
10.8784	9.5221	0
10.9279	10.3728	0
10.7731	9.3658	0
10.3436	10.9391	0
9.1704	10.5583	0
9.1885	9.4157	0
10.7606	9.3507	0
9.1933	9.4091	0
10.0541	10.9985	0
10.495	10.8689	0
9.6078	9.0801	0
9.359	10.7675	0
10.1248	9.0078	0
10.9688	9.752	0
10.971	10.239	0
9.01	10.1408	0
9.0	10.008	0
10.7311	10.6822	0
9.4535	10.8374	0
9.2898	10.704	0
9.0013	9.9485	0
9.086	10.4058	0
10.1299	10.9915	0
9.815	9.0173	0
9.1388	10.5083	0
10.9174	9.602	0
9.8921	10.9942	0
9.7325	9.0365	0
9.1292	10.4916	0
9.0023	9.9316	0
10.5364	10.844	0
9.0918	10.4185	0
9.0083	10.1287	0
10.8131	9.4178	0
10.1385	10.9904	0
10.7694	9.3612	0
9.6542	9.0617	0
10.4846	9.1252	0
10.0528	9.0014	0
9.2066	10.6087	0
9.7772	9.0251	0
10.5029	9.1357	0
9.947	9.0014	0
10.6133	9.2102	0
9.0616	10.3455	0
9.108	10.452	0
9.1038	10.4438	0
9.3133	10.727	0
9.7004	9.046	0
9.8608	9.0097	0
9.0091	9.8653	0
9.5192	9.1232	0
10.1023	10.9948	0
9.5453	9.1093	0
10.8536	9.4791	0
9.452	9.1635	0
9.6419	9.0663	0
9.4449	9.1682	0
9.1867	10.5819	0
9.0204	10.2008	0
9.2423	9.3475	0
10.1386	10.9904	0
9.8016	9.0199	0
9.0036	9.9155	0
9.7467	10.9674	0
9.0407	10.2822	0
10.1456	10.9893	0
10.0264	10.9997	0
10.6825	9.2691	0
9.2388	10.6486	0
9.9242	10.9971	0
9.4923	10.8616	0
10.4014	9.0841	0
9.0367	10.2686	0
9.7347	9.0358	0
9.0285	10.2369	0
10.2867	9.042	0
10.8792	10.4765	0
9.9633	10.9993	0
10.953	10.3029	0
10.8819	9.5285	0
10.3054	9.0478	0
9.2474	10.6584	0
10.0783	9.0031	0
9.0589	9.6618	0
10.4335	9.0988	0
9.2178	10.6231	0
10.0725	9.0026	0
9.0066	10.1146	0
10.693	9.279	0
9.454	10.8378	0
9.0007	10.0375	0
9.319	10.7323	0
9.8396	10.9871	0
10.887	10.4618	0
9.3096	10.7235	0
9.7915	9.022	0
9.0366	10.2682	0
9.5477	9.1082	0
9.3251	10.7379	0
10.9567	9.7088	0
9.8908	9.006	0
9.28	10.694	0
9.2288	10.6366	0
9.2232	10.6297	0
10.9365	9.6494	0
10.1583	9.0126	0
9.0166	10.1814	0
9.0878	9.5901	0
10.9999	9.9894	0
9.0539	10.324	0
10.4617	10.887	0
10.9995	9.9687	0
10.9995	9.9698	0
9.0	10.0087	0
10.7544	10.6564	0
10.3319	10.9433	0
9.449	10.8345	0
9.0003	9.9771	0
10.9929	10.1191	0
10.9428	10.3334	0
9.4774	10.8526	0
10.8451	9.4655	0
10.339	10.9408	0
10.3489	9.0628	0
9.4615	9.1574	0
10.8736	10.4867	0
9.1412	9.4877	0
10.8746	9.5151	0
10.3768	10.9263	0
9.4636	10.844	0
9.0028	9.9256	0
10.6805	10.7328	0
9.5	10.866	0
9.7538	10.9692	0
10.1931	9.0188	0
9.1764	9.4328	0
9.0785	9.6115	0
9.4547	10.8382	0
9.9724	9.0004	0
10.0579	9.0017	0
10.3696	9.0708	0
10.3915	10.9202	0
9.1381	9.4929	0
9.2118	10.6154	0
10.9914	10.1306	0
10.9949	9.8987	0
9.2543	10.6663	0
10.8001	9.4001	0
10.6264	10.7795	0
10.1265	10.992	0
9.5973	9.0847	0
10.3616	10.9323	0
9.8848	10.9933	0
9.1292	9.5084	0
9.0081	9.8733	0
9.3726	10.7787	0
10.9886	10.1504	0
10.9995	9.9692	0
9.0233	9.7856	0
10.7453	10.6667	0
9.1251	9.5157	0
10.6807	9.2674	0
10.8962	10.4436	0
10.1493	10.9888	0
9.3545	10.7638	0
10.317	9.0516	0
9.2728	10.6864	0
10.9885	9.8486	0
9.0725	9.6263	0
10.6521	10.7581	0
10.977	9.787	0
10.8217	10.5699	0
9.2157	10.6203	0
9.0087	9.8685	0
10.3027	9.0469	0
9.9603	10.9992	0
9.1212	10.4773	0
10.5632	10.8263	0
9.4734	10.8501	0
9.095	10.4255	0
10.8718	9.5102	0
10.5597	10.8287	0
9.4529	10.8371	0
10.0401	9.0008	0
10.9211	10.3893	0
9.0633	10.3501	0
9.1038	9.5564	0
9.0055	9.8954	0
9.371	10.7774	0
10.7812	9.3757	0
9.5616	10.8988	0
9.8492	9.0114	0
9.2719	9.3145	0
9.0902	10.4151	0
10.5512	10.8344	0
10.8678	10.4969	0
9.2824	9.3035	0
10.8393	10.5436	0
10.7286	9.3151	0
10.6544	10.7561	0
9.0256	10.2246	0
10.5923	9.1943	0
9.2832	9.3028	0
10.3406	10.9402	0
10.7067	9.2925	0
9.6938	10.952	0
9.0204	10.2011	0
10.9986	10.0523	0
10.868	10.4966	0
10.9978	9.9333	0
10.9889	10.1484	0
10.126	9.008	0
9.1903	10.5868	0
9.0384	10.2744	0
9.1693	9.4433	0
9.93	10.9975	0
10.8316	10.5553	0
10.8558	9.4828	0
10.2499	9.0317	0
9.8211	9.0161	0
10.9378	10.3472	0
9.535	10.8853	0
10.3686	9.0704	0
10.5474	10.8369	0
9.2523	10.6641	0
9.0016	9.9437	0
10.8059	10.592	0
9.4648	10.8447	0
9.4445	10.8315	0
10.9149	9.5963	0
9.0372	10.2703	0
9.0134	10.1633	0
9.2671	9.3197	0
9.4236	9.1828	0
9.1271	10.4879	0
10.9941	9.8918	0
10.8643	10.503	0
9.1332	10.4987	0
10.8511	9.4749	0
9.9636	9.0007	0
10.4966	9.132	0
9.1806	10.5732	0
9.0741	9.6223	0
10.4748	9.1199	0
10.1643	9.0136	0
9.8598	9.0099	0
9.0006	9.966	0
10.7582	9.348	0
9.2114	10.6148	0
10.7998	9.3997	0
9.049	9.6908	0
10.7847	10.6199	0
10.9996	10.03	0
9.091	9.5833	0
9.0129	9.8398	0
9.4564	9.1607	0
10.9997	9.9752	0
10.3815	9.0756	0
10.2973	10.9548	0
10.8495	9.4724	0
9.2501	9.3385	0
10.8047	9.4064	0
9.0948	9.575	0
10.8068	9.4092	0
10.3995	10.9167	0
9.5949	10.9143	0
9.3898	9.2078	0
10.4005	10.9163	0
9.9338	10.9978	0
9.0097	9.8608	0
10.6333	10.7739	0
9.044	10.2932	0
10.5912	10.8065	0
9.5057	9.1307	0
10.982	10.1887	0
10.9785	10.2062	0
10.9843	10.1763	0
10.9957	9.9076	0
9.9525	10.9989	0
10.1892	10.9819	0
10.6124	10.7906	0
9.0264	9.7718	0
10.501	10.8654	0
10.1331	9.0089	0
10.5134	10.8582	0
10.9162	9.5993	0
9.0493	9.6899	0
10.9947	10.1027	0
9.7023	10.9547	0
9.2695	10.6829	0
9.7074	10.9562	0
10.0484	9.0012	0
9.0	9.9952	0
9.1611	9.4557	0
9.986	9.0001	0
9.5989	10.916	0
10.9972	9.9255	0
10.5333	9.1541	0
10.9557	10.2944	0
10.2225	10.9749	0
9.5802	10.9076	0
9.6156	10.9232	0
10.9881	9.8461	0
10.9911	9.8665	0
9.618	9.0758	0
10.9781	9.7919	0
10.3268	10.9451	0
9.8856	10.9934	0
10.8621	9.4933	0
9.5825	9.0913	0
9.9118	10.9961	0
9.8121	9.0178	0
9.7328	10.9636	0
9.2809	10.6949	0
10.0694	10.9976	0
9.5262	10.8806	0
10.9835	9.8191	0
10.0047	9.0	0
9.1239	9.5179	0
10.2062	9.0215	0
9.8326	10.9859	0
10.9073	9.5796	0
9.2609	9.3264	0
9.2801	9.3059	0
10.6819	9.2685	0
9.0264	9.7719	0
10.5432	9.1604	0
9.5418	9.1112	0
10.9366	10.3504	0
9.1405	10.5112	0
9.7113	9.0426	0
10.9111	10.4122	0
9.4382	10.8273	0
10.0583	10.9983	0
10.5007	10.8656	0
10.8066	10.5912	0
10.9414	9.6626	0
9.0799	10.3917	0
10.5155	9.1431	0
10.9456	10.3254	0
10.4164	10.9092	0
10.2767	9.039	0
9.5467	10.8914	0
10.9021	10.4315	0
10.2005	9.0203	0
10.9803	9.8022	0
10.6829	9.2694	0
10.131	9.0086	0
10.4979	9.1328	0
10.9998	9.9826	0
10.2826	9.0408	0
10.4121	9.0889	0
9.3889	9.2084	0
10.8803	10.4744	0
10.6209	9.2161	0
10.89	9.5441	0
10.9938	10.1112	0
10.8695	9.5061	0
10.8075	9.4101	0
9.5243	9.1204	0
10.9079	9.5807	0
10.6769	10.7361	0
10.9758	9.7812	0
10.723	10.6908	0
10.7961	10.6052	0
10.8948	10.4464	0
10.4907	9.1287	0
10.7471	9.3353	0
10.5505	10.8348	0
10.3536	10.9354	0
10.9885	9.8487	0
10.6625	10.749	0
9.8406	9.0128	0
10.9823	10.1875	0
10.2438	10.9698	0
10.3826	9.0761	0
10.7077	10.7065	0
9.1161	10.4677	0
9.1202	10.4753	0
9.5499	9.107	0
9.0466	9.6983	0
9.2628	10.6757	0
10.3141	9.0506	0
10.9898	10.1423	0
10.9187	9.605	0
9.131	10.4948	0
10.933	10.3598	0
9.5615	9.1013	0
10.8321	9.4453	0
10.5986	9.199	0
10.7556	10.655	0
10.0216	9.0002	0
9.6367	10.9317	0
10.6958	10.7183	0
10.756	10.6546	0
10.4286	9.0965	0
10.7859	10.6184	0
10.4664	10.8846	0
10.9057	9.576	0
10.8524	9.4771	0
10.9973	9.9266	0
10.9679	9.7488	0
9.4858	9.1423	0
10.9999	9.9845	0
9.1316	9.5041	0
9.2489	10.6602	0
10.6519	10.7583	0
10.9489	9.6843	0
10.7367	9.3238	0
9.8314	9.0143	0
10.4835	9.1247	0
9.4317	9.1772	0
9.9684	9.0005	0
10.5741	9.1812	0
10.9844	10.1761	0
10.4309	10.9024	0
10.7726	10.6349	0
10.6924	9.2785	0
9.3307	9.257	0
9.9089	10.9958	0
10.7354	9.3224	0
10.981	9.8059	0
10.9999	9.9879	0
9.0281	9.7645	0
9.0576	9.6654	0
9.0301	10.2435	0
9.3038	9.2822	0
9.6649	9.0578	0
9.715	10.9585	0
10.3775	9.074	0
10.4916	10.8708	0
10.9994	10.0352	0
9.0322	10.2516	0
9.5166	10.8754	0
10.9575	9.7117	0
10.92	10.3919	0
9.0726	10.3741	0
10.6166	9.2127	0
9.8037	9.0195	0
10.9788	9.7951	0
10.9919	10.1267	0
10.9233	9.6159	0
9.0217	10.2073	0
10.7828	9.3777	0
9.8701	9.0085	0
10.2316	9.0272	0
10.4847	9.1253	0
10.8032	9.4043	0
9.5254	9.1198	0
10.9473	10.3204	0
10.9325	10.3611	0
10.9859	10.1675	0
9.318	10.7314	0
9.0093	10.1359	0
10.8939	9.5517	0
9.894	9.0056	0
10.062	9.0019	0
9.3278	10.7403	0
9.1323	10.4971	0
9.663	9.0585	0
10.5511	10.8345	0
10.9082	9.5814	0
9.0669	10.3597	0
9.005	9.9004	0
10.833	10.5532	0
10.9938	9.8886	0
9.5832	10.909	0
9.0013	9.9489	0
9.0001	10.0113	0
9.0156	10.1761	0
10.5534	10.8329	0
10.5766	9.183	0
10.9892	10.1465	0
10.8842	10.4671	0
9.0229	10.2127	0
10.9662	10.2578	0
10.1574	10.9875	0
10.571	10.8209	0
9.0892	9.5871	0
9.9864	9.0001	0
10.1013	9.0051	0
9.8842	10.9933	0
9.1153	10.4662	0
10.9996	10.0278	0
10.5851	10.811	0
9.5973	9.0847	0
10.8456	10.5339	0
10.2939	10.9558	0
10.9199	9.608	0
9.8626	10.9905	0
9.0062	10.111	0
9.5459	10.8909	0
9.1247	9.5164	0
10.4026	9.0846	0
9.5168	10.8755	0
10.899	10.4379	0
9.5278	9.1185	0
9.3831	9.213	0
9.9935	11.0	0
9.2916	9.2942	0
10.794	10.608	0
9.0759	9.6177	0
10.9482	9.6823	0
9.5399	10.8879	0
10.4034	9.085	0
9.001	9.9558	0
10.7681	9.3597	0
10.0635	10.998	0
9.0972	10.4301	0
9.5322	10.8838	0
10.9589	9.7162	0
9.0691	9.6348	0
9.0062	9.8892	0
9.6001	9.0834	0
9.0024	10.0693	0
10.6111	10.7916	0
9.4746	10.8509	0
9.0268	10.2299	0
10.1389	9.0097	0
9.0288	10.2383	0
9.03	10.2431	0
9.4186	10.8136	0
9.2244	9.3688	0
9.174	9.4363	0
10.9298	10.3682	0
10.5021	10.8648	0
9.0928	10.4207	0
9.3715	10.7778	0
9.6517	9.0626	0
10.9426	9.666	0
10.567	9.1763	0
9.498	10.8648	0
10.0561	10.9984	0
10.6426	9.2338	0
10.3299	9.056	0
9.1217	9.5219	0
9.1522	9.4696	0
9.003	10.0778	0
9.6407	9.0668	0
9.0456	10.2986	0
10.9466	10.3224	0
10.5776	9.1837	0
9.32	9.2667	0
10.3726	9.072	0
9.9708	9.0004	0
9.1152	9.5341	0
9.5544	10.8952	0
10.6126	9.2096	0
9.3197	9.2671	0
10.1458	10.9893	0
10.856	9.483	0
9.005	9.9002	0
10.8964	10.4433	0
10.4327	9.0985	0
10.7097	10.7045	0
9.4991	9.1345	0
9.2199	9.3743	0
10.989	10.1482	0
10.9048	10.4259	0
9.1152	10.466	0
10.5009	9.1345	0
9.0744	10.3784	0
10.489	9.1277	0
9.8722	10.9918	0
9.4632	10.8437	0
10.8254	10.5645	0
9.1951	9.4066	0
9.9434	9.0016	0
9.2687	9.318	0
9.127	9.5122	0
9.345	9.2444	0
10.962	9.7269	0
10.9692	9.7536	0
9.5613	9.1014	0
10.9572	9.7106	0
10.0402	9.0008	0
9.0127	9.8409	0
10.7805	9.3749	0
9.7207	9.0398	0
10.7311	9.3177	0
9.1049	10.4458	0
9.0017	10.0584	0
10.956	10.2933	0
9.4303	9.1781	0
9.5187	10.8766	0
10.9657	9.7403	0
9.2657	9.3212	0
9.3331	10.7451	0
9.4578	10.8403	0
10.1063	10.9943	0
10.2541	10.9672	0
9.3537	9.2369	0
10.3068	10.9518	0
9.94	10.9982	0
9.5986	10.9159	0
10.9996	10.0282	0
10.3622	10.9321	0
9.0045	10.0943	0
10.7944	10.6074	0
9.1425	10.5145	0
10.2719	9.0377	0
10.9521	10.3058	0
9.3696	9.2238	0
9.4282	10.8204	0
9.0441	9.7063	0
9.268	9.3187	0
10.2066	9.0216	0
10.9303	10.3667	0
10.7231	10.6907	0
9.4831	9.1439	0
10.9996	9.9704	0
9.0086	10.1307	0
10.7025	10.7117	0
10.9163	9.5994	0
10.9817	10.1906	0
10.87	10.493	0
9.8088	9.0185	0
10.8781	10.4784	0
10.5634	9.1738	0
10.8941	9.5521	0
9.0164	10.1802	0
10.483	10.8756	0
9.2034	10.6044	0
11.0	10.0088	0
10.782	10.6233	0
10.7039	10.7103	0
9.0905	9.5842	0
9.8576	9.0102	0
9.2015	10.602	0
9.2721	9.3143	0
9.1251	10.4844	0
9.8537	10.9892	0
10.3993	10.9168	0
9.2717	10.6853	0
10.5597	9.1713	0
10.6712	10.7413	0
10.0691	9.0024	0
10.1774	9.0159	0
10.7361	9.3231	0
10.8535	9.4789	0
9.3968	9.2024	0
10.3927	9.0803	0
10.7242	10.6896	0
10.9802	10.1982	0
10.5801	9.1855	0
9.1035	9.5569	0
9.1206	9.5239	0
9.7002	9.046	0
10.9203	9.6087	0
10.3029	10.953	0
9.5555	10.8958	0
10.9589	10.2837	0
10.987	10.1608	0
9.001	10.0448	0
10.8942	9.5523	0
9.9423	9.0017	0
10.9133	10.4073	0
9.1461	10.5205	0
10.4634	10.8862	0
10.7781	10.6281	0
10.0546	10.9985	0
9.393	10.7947	0
10.8709	9.5085	0
9.6502	9.0632	0
10.7602	9.3503	0
10.8986	10.4388	0
10.424	9.0943	0
9.1034	10.4428	0
10.8068	9.4091	0
9.0043	9.9073	0
9.992	9.0	0
10.5017	9.1349	0
9.3811	10.7855	0
10.952	9.6939	0
9.5402	9.112	0
10.4225	10.9064	0
9.0352	10.263	0
10.8245	9.4341	0
9.7935	9.0216	0
10.7981	9.3974	0
9.2557	10.6679	0
9.7398	9.0344	0
9.0198	9.802	0
10.7098	10.7044	0
9.3702	10.7768	0
10.9294	9.631	0
9.4005	9.1996	0
9.1603	9.457	0
10.9172	9.6016	0
10.3435	9.0608	0
10.2784	10.9605	0
10.9725	10.233	0
9.1503	10.5272	0
10.0166	10.9999	0
10.9671	9.7456	0
9.7445	9.0332	0
9.9111	10.996	0
9.1505	10.5276	0
10.5246	10.8513	0
9.4043	10.8032	0
9.95	10.9987	0
10.9974	10.0717	0
10.3804	9.0752	0
10.6271	10.7789	0
9.0	9.998	0
9.9713	9.0004	0
9.1061	10.4482	0
10.6435	9.2346	0
9.3376	9.2508	0
10.3964	9.0819	0
10.9713	10.2379	0
9.2473	10.6584	0
9.4331	9.1762	0
10.6291	9.2227	0
10.9974	10.0727	0
10.9702	9.7576	0
9.005	10.0995	0
9.0183	9.8096	0
10.3885	9.0786	0
9.6577	10.9396	0
10.8075	10.5899	0
9.056	10.3299	0
10.318	9.0519	0
10.9784	10.2067	0
10.9588	9.7161	0
10.4778	10.8785	0
9.2853	9.3005	0
9.319	10.7323	0
10.264	10.9645	0
10.5748	9.1817	0
9.0452	9.7027	0
9.0236	10.2159	0
9.0381	9.7267	0
10.9108	9.5871	0
10.1156	9.0067	0
10.1867	9.0176	0
9.4386	10.8275	0
9.2186	9.376	0
9.5574	10.8967	0
9.2764	10.6903	0
9.6375	9.068	0
10.6811	10.7322	0
9.237	9.3536	0
9.387	9.2099	0
10.7593	9.3493	0
9.1534	9.4678	0
10.3829	9.0762	0
9.0623	10.3475	0
10.9414	10.3374	0
10.8631	10.5051	0
10.9082	10.4185	0
10.4749	10.88	0
10.4821	9.1239	0
9.5467	10.8913	0
9.9787	9.0002	0
10.8946	9.5531	0
10.618	9.2138	0
10.9979	9.9348	0
9.8845	9.0067	0
9.0004	9.971	0
10.7195	9.3055	0
10.7284	9.3148	0
10.3362	10.9418	0
10.7201	10.6938	0
10.6922	9.2783	0
9.1879	10.5835	0
9.1471	9.4779	0
9.9567	9.0009	0
9.1086	10.4532	0
9.2749	9.3113	0
10.0306	9.0005	0
10.7782	10.628	0
9.8903	9.006	0
10.9621	9.7274	0
10.0886	10.9961	0
9.8506	9.0112	0
10.9907	10.1358	0
9.9779	9.0002	0
10.6451	9.2359	0
9.9664	9.0006	0
10.3741	9.0726	0
9.3961	9.2029	0
9.1406	10.5113	0
9.3864	10.7896	0
9.7907	9.0221	0
9.4697	10.8478	0
10.7988	9.3984	0
9.1321	9.5032	0
9.5923	9.0869	0
10.3682	9.0703	0
9.035	9.7379	0
10.4716	9.1182	0
9.6366	10.9316	0
9.8347	10.9862	0
10.3198	9.0525	0
9.7412	10.9659	0
10.7585	10.6516	0
9.1294	10.4919	0
10.7431	10.6692	0
9.0109	9.853	0
10.9626	10.271	0
10.6987	9.2845	0
9.0106	9.8551	0
9.472	10.8492	0
9.0975	10.4307	0
10.546	9.1622	0
10.5905	10.8071	0
10.6324	10.7747	0
10.0093	11.0	0
9.0265	10.2287	0
10.0389	9.0008	0
10.778	10.6283	0
10.6137	9.2104	0
9.3363	10.748	0
9.1403	10.5108	0
10.6494	9.2395	0
9.2518	10.6635	0
9.1181	9.5286	0
9.054	10.3242	0
9.7905	10.9778	0
10.9997	10.0243	0
10.9626	10.2708	0
10.083	10.9965	0
9.0011	9.9532	0
9.1251	9.5157	0
10.9508	9.6902	0
9.0354	10.2638	0
10.8426	10.5386	0
10.6495	9.2396	0
9.7644	10.9719	0
9.3996	9.2003	0
9.7475	9.0324	0
9.9925	9.0	0
9.0757	9.6184	0
10.5215	9.1467	0
10.5813	9.1863	0
9.0126	10.1585	0
9.0023	9.9328	0
9.1337	10.4995	0
9.3472	10.7575	0
9.1131	10.4619	0
10.3951	10.9186	0
9.183	9.4234	0
9.0332	9.7444	0
9.7923	9.0218	0
9.9679	9.0005	0
10.8709	9.5085	0
10.2806	9.0402	0
9.5708	10.9032	0
10.1211	10.9926	0
10.9997	10.0239	0
10.5185	9.145	0
10.228	10.9737	0
10.9923	10.1236	0
9.125	10.4841	0
9.6153	9.077	0
9.1802	10.5727	0
10.53	9.152	0
9.0158	10.1772	0
10.3006	10.9538	0
9.3929	9.2054	0
9.5752	9.0947	0
9.4266	10.8193	0
9.3027	10.7168	0
9.5055	9.1308	0
10.7226	9.3088	0
10.5727	9.1802	0
9.0068	9.8835	0
10.8149	10.5796	0
9.0003	10.0225	0
10.0364	10.9993	0
9.3003	10.7144	0
9.0325	10.2528	0
9.961	10.9992	0
9.0295	10.2413	0
9.1902	9.4133	0
10.428	9.0962	0
9.0621	9.6532	0
9.0279	10.2346	0
10.0638	10.998	0
10.8811	9.5271	0
9.7931	10.9784	0
10.1996	10.9799	0
10.5691	9.1777	0
9.1634	10.5478	0
9.9167	9.0035	0
9.211	9.3856	0
10.6659	10.746	0
9.7765	10.9747	0
10.6941	9.2801	0
10.7077	10.7066	0
10.2125	10.9772	0
10.9995	10.032	0
9.4531	9.1628	0
9.0277	9.7661	0
9.264	9.323	0
10.9717	9.7637	0
9.7576	10.9702	0
10.9049	9.5743	0
9.3137	9.2727	0
10.9475	10.3197	0
10.1668	9.014	0
9.0144	10.169	0
9.3284	9.259	0
9.0203	9.7995	0
10.9501	10.3119	0
9.0322	10.2518	0
10.6055	10.7958	0
9.6922	9.0486	0
10.8377	10.5462	0
9.4036	10.8027	0
10.8456	10.5338	0
9.7085	10.9566	0
10.0112	10.9999	0
10.9075	9.5799	0
9.2611	9.3262	0
10.355	9.0651	0
9.9494	10.9987	0
9.0439	10.2929	0
10.9886	10.1504	0
10.6436	9.2346	0
10.156	10.9878	0
10.9747	10.2235	0
9.055	9.6729	0
9.3842	10.7879	0
9.0027	9.9259	0
10.9834	10.1815	0
9.6858	9.0506	0
10.2257	9.0258	0
9.2321	9.3594	0
9.7384	9.0348	0
9.0028	9.9246	0
9.1144	9.5356	0
9.5035	9.132	0
10.2144	10.9768	0
10.7176	9.3035	0
9.8851	10.9934	0
9.5253	10.8802	0
9.6066	9.0806	0
9.1345	10.5009	0
10.6287	9.2223	0
9.5805	9.0923	0
10.9238	10.3828	0
9.6265	9.0724	0
10.2714	9.0375	0
10.3737	10.9275	0
9.9896	9.0001	0
10.6959	9.2819	0
10.831	9.4437	0
9.0005	9.9692	0
9.1091	10.4542	0
10.1853	9.0173	0
10.9923	9.8759	0
9.9606	9.0008	0
9.8253	9.0154	0
9.7013	10.9543	0
9.1024	9.5592	0
10.7571	10.6532	0
10.6507	9.2407	0
10.7864	10.6177	0
9.0056	10.1058	0
9.0023	9.9321	0
9.0282	10.2358	0
10.4575	10.8892	0
9.531	10.8832	0
9.6856	9.0507	0
10.6161	9.2123	0
10.1627	10.9867	0
10.2027	9.0208	0
10.9047	9.574	0
10.3148	10.9492	0
9.8311	10.9856	0
9.7317	10.9633	0
10.1004	10.9949	0
10.2844	9.0413	0
10.9387	10.3448	0
10.9983	10.0591	0
9.0783	9.6121	0
9.0524	9.6804	0
10.4967	9.1321	0
9.0451	9.703	0
10.8562	10.5166	0
9.5275	9.1187	0
10.2491	9.0315	0
10.1843	9.0171	0
9.0807	10.3936	0
9.4901	9.1398	0
10.8038	9.4051	0
9.3982	10.7987	0
9.0936	9.5775	0
9.0072	9.8798	0
9.3972	9.2021	0
9.0187	10.1924	0
10.6603	9.249	0
9.1933	9.409	0
10.7305	9.3171	0
9.8925	10.9942	0
10.8333	9.4472	0
10.7281	9.3146	0
9.8867	10.9936	0
9.2292	10.6371	0
10.8046	10.5938	0
9.0099	9.8595	0
10.8198	10.5727	0
10.7954	10.606	0
9.066	9.6427	0
9.7519	10.9687	0
10.929	9.63	0
10.5859	10.8104	0
9.8116	10.9821	0
9.5472	9.1084	0
10.6293	10.7771	0
10.5055	9.1372	0
10.8469	10.5317	0
9.3222	9.2647	0
10.9982	9.9394	0
9.66	9.0596	0
10.7117	9.2975	0
10.9554	10.2954	0
9.0548	9.6734	0
9.9384	10.9981	0
10.3119	9.0499	0
10.9026	10.4305	0
9.1272	10.4881	0
9.6513	9.0628	0
9.0031	10.0782	0
9.2484	9.3404	0
9.2563	10.6685	0
10.8231	9.4321	0
10.8801	9.5251	0
9.5268	10.881	0
10.9554	9.7046	0
10.9168	10.3993	0
9.1256	9.5147	0
9.2066	9.3913	0
9.5518	10.8939	0
10.411	10.9116	0
9.4313	10.8225	0
10.9303	10.3668	0
10.4654	9.1149	0
9.1604	10.5432	0
9.0265	10.2287	0
9.1008	10.4376	0
9.12	9.525	0
9.6265	10.9276	0
10.7697	10.6384	0
9.8396	10.9871	0
10.9937	9.8879	0
9.0433	10.2911	0
10.96	10.2801	0
10.9936	10.1133	0
10.7647	10.6444	0
9.3771	9.2177	0
9.1138	9.5368	0
9.0489	9.6913	0
9.0486	9.6919	0
10.0517	9.0013	0
10.3517	9.0639	0
9.2916	9.2942	0
10.1525	10.9883	0
10.0328	9.0005	0
10.1642	9.0136	0
10.6048	10.7964	0
10.0288	10.9996	0
10.5467	10.8373	0
9.0049	9.9015	0
10.8124	10.5831	0
9.3647	10.7722	0
9.6359	9.0686	0
10.3298	9.056	0
9.0103	10.1429	0
9.2031	9.3959	0
10.9717	10.2362	0
9.035	10.2622	0
10.2376	10.9714	0
10.1504	10.9886	0
10.7851	9.3806	0
9.5568	10.8964	0
10.8444	10.5357	0
9.0447	10.2958	0
9.2481	9.3407	0
10.9999	9.9897	0
10.104	10.9946	0
9.2099	9.387	0
9.3753	10.7808	0
10.9151	9.5968	0
9.0036	9.9151	0
10.6412	10.7674	0
10.9903	10.1386	0
10.1811	9.0165	0
9.0112	10.1491	0
10.8601	10.5101	0
9.0974	9.5695	0
10.5575	10.8302	0
9.0021	9.9345	0
10.6322	10.7748	0
9.0124	9.8428	0
9.1529	9.4685	0
9.0	9.9961	0
9.4501	9.1648	0
10.5121	9.1411	0
10.9996	10.0268	0
10.9161	10.401	0
9.5682	9.098	0
9.3111	9.2751	0
9.0	10.0003	0
10.9975	10.0709	0
10.9267	10.3758	0
10.5085	10.8611	0
10.924	9.6175	0
9.1358	10.5031	0
10.7804	9.3747	0
9.3453	9.2441	0
9.4302	10.8218	0
10.4588	10.8885	0
9.3968	9.2024	0
10.0874	9.0038	0
9.7444	9.0332	0
10.1046	10.9945	0
9.0326	9.7466	0
9.2579	9.3297	0
10.9957	9.907	0
10.7833	10.6216	0
9.1055	9.5528	0
10.8555	10.5178	0
9.0126	9.8417	0
10.5905	10.807	0
9.2838	9.3021	0
10.5328	10.8462	0
9.9114	9.0039	0
10.8944	9.5527	0
9.0513	9.6837	0
10.0059	9.0	0
10.5817	9.1866	0
10.425	9.0948	0
9.5338	9.1153	0
10.1513	10.9885	0
10.6716	10.7409	0
10.1705	9.0146	0
9.4049	10.8036	0
10.8572	10.515	0
10.7503	10.6611	0
10.3028	10.953	0
10.7731	9.3658	0
9.0048	9.9017	0
9.029	10.239	0
9.9357	10.9979	0
9.5508	10.8934	0
9.0946	9.5754	0
9.1521	9.4698	0
10.6283	9.222	0
9.1165	10.4685	0
9.0262	10.2274	0
10.924	9.6177	0
9.8959	9.0054	0
10.8483	9.4705	0
9.0001	10.0104	0
10.5371	9.1565	0
10.8748	9.5154	0
9.158	9.4605	0
